Frequency (Hz)	Level (dB)
10.766602	-53.290192
21.533203	-54.155735
32.299805	-61.192478
43.066406	-61.619930
53.833008	-60.853806
64.599609	-56.077671
75.366211	-54.261810
86.132812	-55.662258
96.899414	-57.366234
107.666016	-59.359558
118.432617	-59.771126
129.199219	-60.889729
139.965820	-57.285656
150.732422	-58.553406
161.499023	-59.377419
172.265625	-59.217205
183.032227	-57.634136
193.798828	-56.679840
204.565430	-58.843063
215.332031	-56.275333
226.098633	-55.582714
236.865234	-59.006638
247.631836	-59.489704
258.398438	-57.173717
269.165039	-57.495251
279.931641	-56.974503
290.698242	-55.065639
301.464844	-58.856838
312.231445	-59.589592
322.998047	-61.339584
333.764648	-59.929993
344.531250	-60.344524
355.297852	-59.652607
366.064453	-56.700329
376.831055	-59.150284
387.597656	-61.024704
398.364258	-59.567181
409.130859	-61.813717
419.897461	-62.641537
430.664062	-61.369957
441.430664	-58.389416
452.197266	-60.115597
462.963867	-60.323719
473.730469	-62.129906
484.497070	-59.207985
495.263672	-57.055592
506.030273	-57.256828
516.796875	-56.338463
527.563477	-60.986713
538.330078	-63.122131
549.096680	-60.069782
559.863281	-57.429691
570.629883	-57.365822
581.396484	-59.127953
592.163086	-60.625530
602.929688	-65.120163
613.696289	-60.962093
624.462891	-60.805641
635.229492	-61.001469
645.996094	-60.504658
656.762695	-56.851467
667.529297	-56.246521
678.295898	-58.474487
689.062500	-60.472618
699.829102	-59.324059
710.595703	-58.082531
721.362305	-57.684025
732.128906	-58.163715
742.895508	-61.466095
753.662109	-67.225128
764.428711	-61.751144
775.195312	-59.227760
785.961914	-58.487572
796.728516	-58.317291
807.495117	-59.092709
818.261719	-58.933594
829.028320	-58.600502
839.794922	-61.301289
850.561523	-62.265953
861.328125	-63.108047
872.094727	-58.576477
882.861328	-59.166714
893.627930	-61.844849
904.394531	-58.797676
915.161133	-57.090401
925.927734	-59.327610
936.694336	-60.789669
947.460938	-62.793945
958.227539	-58.937298
968.994141	-59.045914
979.760742	-61.178150
990.527344	-61.288445
1001.293945	-60.710331
1012.060547	-64.448334
1022.827148	-64.025551
1033.593750	-62.333672
1044.360352	-61.452427
1055.126953	-60.136726
1065.893555	-59.139698
1076.660156	-59.498569
1087.426758	-62.662220
1098.193359	-62.746300
1108.959961	-60.964531
1119.726562	-59.312038
1130.493164	-59.205608
1141.259766	-61.591011
1152.026367	-64.017822
1162.792969	-61.587418
1173.559570	-59.735268
1184.326172	-59.461666
1195.092773	-59.992455
1205.859375	-58.676491
1216.625977	-59.154160
1227.392578	-59.837112
1238.159180	-60.474064
1248.925781	-60.832447
1259.692383	-61.048100
1270.458984	-59.544434
1281.225586	-58.477760
1291.992188	-58.406116
1302.758789	-56.689827
1313.525391	-61.195885
1324.291992	-65.396751
1335.058594	-62.493954
1345.825195	-60.026196
1356.591797	-59.809422
1367.358398	-66.206451
1378.125000	-59.176743
1388.891602	-55.558910
1399.658203	-57.737411
1410.424805	-60.953392
1421.191406	-62.636402
1431.958008	-62.387127
1442.724609	-61.546661
1453.491211	-58.973736
1464.257812	-60.612659
1475.024414	-60.533062
1485.791016	-58.442280
1496.557617	-59.558994
1507.324219	-57.087601
1518.090820	-59.344299
1528.857422	-63.843525
1539.624023	-62.802624
1550.390625	-60.944328
1561.157227	-60.579052
1571.923828	-62.464565
1582.690430	-59.872570
1593.457031	-60.230595
1604.223633	-58.562786
1614.990234	-63.330433
1625.756836	-62.393261
1636.523438	-59.112881
1647.290039	-62.994083
1658.056641	-60.981979
1668.823242	-61.610310
1679.589844	-62.520634
1690.356445	-59.597340
1701.123047	-58.530228
1711.889648	-58.281727
1722.656250	-60.436283
1733.422852	-63.603519
1744.189453	-61.364635
1754.956055	-60.156796
1765.722656	-60.499386
1776.489258	-62.430489
1787.255859	-60.984131
1798.022461	-58.597118
1808.789062	-59.215691
1819.555664	-57.097523
1830.322266	-57.974937
1841.088867	-58.597340
1851.855469	-60.192097
1862.622070	-56.941292
1873.388672	-57.646267
1884.155273	-61.620598
1894.921875	-61.128990
1905.688477	-61.190876
1916.455078	-60.321095
1927.221680	-59.786098
1937.988281	-58.214664
1948.754883	-60.101852
1959.521484	-59.976681
1970.288086	-58.936428
1981.054688	-58.492661
1991.821289	-61.185467
2002.587891	-64.277779
2013.354492	-62.767471
2024.121094	-63.344433
2034.887695	-61.309139
2045.654297	-57.522327
2056.420898	-57.651493
2067.187500	-58.192089
2077.954102	-57.238441
2088.720703	-59.774658
2099.487305	-59.053421
2110.253906	-63.334076
2121.020508	-66.700195
2131.787109	-60.576885
2142.553711	-59.082363
2153.320312	-57.386311
2164.086914	-60.155666
2174.853516	-62.854736
2185.620117	-60.544228
2196.386719	-60.608036
2207.153320	-59.070835
2217.919922	-58.493198
2228.686523	-58.909077
2239.453125	-62.277592
2250.219727	-64.064880
2260.986328	-63.148022
2271.752930	-62.577881
2282.519531	-59.250980
2293.286133	-60.912342
2304.052734	-60.096519
2314.819336	-59.774055
2325.585938	-63.110214
2336.352539	-62.040329
2347.119141	-61.840527
2357.885742	-65.630913
2368.652344	-65.079857
2379.418945	-63.208286
2390.185547	-61.313869
2400.952148	-62.793854
2411.718750	-61.724800
2422.485352	-66.218979
2433.251953	-62.841473
2444.018555	-62.013481
2454.785156	-59.554401
2465.551758	-65.088737
2476.318359	-60.152596
2487.084961	-58.912289
2497.851562	-61.741230
2508.618164	-59.478046
2519.384766	-61.013519
2530.151367	-67.462395
2540.917969	-61.479908
2551.684570	-60.954914
2562.451172	-61.298813
2573.217773	-61.997173
2583.984375	-65.879318
2594.750977	-63.678616
2605.517578	-62.414177
2616.284180	-60.632641
2627.050781	-61.329121
2637.817383	-61.943600
2648.583984	-64.363670
2659.350586	-64.529785
2670.117188	-63.744938
2680.883789	-64.615807
2691.650391	-62.142715
2702.416992	-62.104637
2713.183594	-60.106129
2723.950195	-60.430573
2734.716797	-58.043488
2745.483398	-60.305424
2756.250000	-65.984512
2767.016602	-63.214600
2777.783203	-58.520138
2788.549805	-58.429710
2799.316406	-58.913773
2810.083008	-59.907768
2820.849609	-61.585018
2831.616211	-58.617611
2842.382812	-60.259186
2853.149414	-64.257881
2863.916016	-59.778385
2874.682617	-56.103992
2885.449219	-58.698177
2896.215820	-61.588459
2906.982422	-63.965523
2917.749023	-61.353302
2928.515625	-60.149784
2939.282227	-60.167355
2950.048828	-63.771564
2960.815430	-62.829460
2971.582031	-61.301392
2982.348633	-61.376354
2993.115234	-59.151501
3003.881836	-61.076168
3014.648438	-62.045547
3025.415039	-59.465874
3036.181641	-58.788601
3046.948242	-60.099026
3057.714844	-61.644588
3068.481445	-61.997135
3079.248047	-63.146202
3090.014648	-61.346031
3100.781250	-59.682163
3111.547852	-55.991051
3122.314453	-58.727257
3133.081055	-62.710655
3143.847656	-57.832699
3154.614258	-57.273586
3165.380859	-57.858685
3176.147461	-59.434402
3186.914062	-61.864315
3197.680664	-61.311008
3208.447266	-61.615189
3219.213867	-63.034096
3229.980469	-62.141571
3240.747070	-59.770668
3251.513672	-56.822838
3262.280273	-58.284988
3273.046875	-61.728619
3283.813477	-60.219009
3294.580078	-60.961639
3305.346680	-59.272614
3316.113281	-61.910934
3326.879883	-61.225864
3337.646484	-59.313805
3348.413086	-61.298435
3359.179688	-60.752247
3369.946289	-60.759026
3380.712891	-60.293583
3391.479492	-60.699409
3402.246094	-59.726250
3413.012695	-55.661362
3423.779297	-56.030117
3434.545898	-60.311653
3445.312500	-63.332954
3456.079102	-62.147240
3466.845703	-64.161667
3477.612305	-63.058815
3488.378906	-63.752228
3499.145508	-58.622536
3509.912109	-59.142048
3520.678711	-63.752556
3531.445312	-65.483253
3542.211914	-59.567867
3552.978516	-57.833340
3563.745117	-59.480904
3574.511719	-61.282429
3585.278320	-61.915211
3596.044922	-64.826180
3606.811523	-64.693634
3617.578125	-62.238014
3628.344727	-62.209869
3639.111328	-58.927902
3649.877930	-59.824760
3660.644531	-59.313629
3671.411133	-59.504223
3682.177734	-63.646210
3692.944336	-61.879692
3703.710938	-57.692738
3714.477539	-60.575340
3725.244141	-59.894588
3736.010742	-62.883316
3746.777344	-60.646713
3757.543945	-62.632774
3768.310547	-60.966560
3779.077148	-58.365494
3789.843750	-60.843369
3800.610352	-61.044903
3811.376953	-62.593456
3822.143555	-61.483021
3832.910156	-58.935486
3843.676758	-59.725067
3854.443359	-60.019257
3865.209961	-63.757458
3875.976562	-62.576694
3886.743164	-57.817745
3897.509766	-58.777683
3908.276367	-59.208534
3919.042969	-60.858131
3929.809570	-62.451122
3940.576172	-62.092278
3951.342773	-64.376480
3962.109375	-62.712666
3972.875977	-59.320965
3983.642578	-59.468098
3994.409180	-59.551003
4005.175781	-60.776436
4015.942383	-61.827278
4026.708984	-61.873238
4037.475586	-65.253838
4048.242188	-63.257149
4059.008789	-56.639351
4069.775391	-56.287987
4080.541992	-61.699963
4091.308594	-59.071846
4102.075195	-59.119896
4112.841797	-59.766567
4123.608398	-58.111679
4134.375000	-58.248840
4145.141602	-58.759232
4155.908203	-57.843250
4166.674805	-57.331871
4177.441406	-57.447498
4188.208008	-59.551460
4198.974609	-62.105186
4209.741211	-62.168007
4220.507812	-62.241676
4231.274414	-60.918999
4242.041016	-61.293579
4252.807617	-61.766220
4263.574219	-60.037468
4274.340820	-58.750706
4285.107422	-58.392178
4295.874023	-64.442444
4306.640625	-58.823463
4317.407227	-57.805588
4328.173828	-61.996796
4338.940430	-63.921600
4349.707031	-60.746117
4360.473633	-57.639671
4371.240234	-59.024380
4382.006836	-57.754704
4392.773438	-59.393215
4403.540039	-61.317894
4414.306641	-59.991470
4425.073242	-58.900303
4435.839844	-60.019600
4446.606445	-60.707340
4457.373047	-60.899815
4468.139648	-58.859314
4478.906250	-58.680401
4489.672852	-59.995327
4500.439453	-59.506828
4511.206055	-58.153828
4521.972656	-59.637108
4532.739258	-60.590446
4543.505859	-60.759247
4554.272461	-61.759701
4565.039062	-59.623779
4575.805664	-61.004272
4586.572266	-59.836948
4597.338867	-58.908703
4608.105469	-59.785053
4618.872070	-60.222504
4629.638672	-59.851147
4640.405273	-57.719040
4651.171875	-57.808769
4661.938477	-59.387897
4672.705078	-61.496498
4683.471680	-62.468838
4694.238281	-60.587948
4705.004883	-59.947701
4715.771484	-59.751217
4726.538086	-58.185509
4737.304688	-58.491444
4748.071289	-59.191231
4758.837891	-60.469254
4769.604492	-63.172161
4780.371094	-62.339355
4791.137695	-61.726898
4801.904297	-59.215092
4812.670898	-60.500832
4823.437500	-60.332668
4834.204102	-57.407169
4844.970703	-57.413586
4855.737305	-59.998322
4866.503906	-58.593735
4877.270508	-61.236988
4888.037109	-63.099358
4898.803711	-62.352608
4909.570312	-58.379063
4920.336914	-58.171177
4931.103516	-57.598469
4941.870117	-59.179432
4952.636719	-58.646763
4963.403320	-58.855637
4974.169922	-59.754311
4984.936523	-59.265423
4995.703125	-62.360203
5006.469727	-63.371632
5017.236328	-60.587849
5028.002930	-64.825996
5038.769531	-60.146168
5049.536133	-58.532528
5060.302734	-59.063904
5071.069336	-62.160713
5081.835938	-60.393921
5092.602539	-59.549187
5103.369141	-60.921574
5114.135742	-58.912636
5124.902344	-58.822453
5135.668945	-56.955891
5146.435547	-57.102211
5157.202148	-57.315605
5167.968750	-58.757824
5178.735352	-60.030365
5189.501953	-59.320969
5200.268555	-58.916962
5211.035156	-60.960155
5221.801758	-61.319893
5232.568359	-63.544853
5243.334961	-63.744183
5254.101562	-64.596260
5264.868164	-61.959991
5275.634766	-59.362186
5286.401367	-59.311436
5297.167969	-61.540657
5307.934570	-60.887566
5318.701172	-59.861359
5329.467773	-61.208038
5340.234375	-59.468796
5351.000977	-59.683758
5361.767578	-59.650272
5372.534180	-59.165600
5383.300781	-60.951954
5394.067383	-63.671097
5404.833984	-62.827503
5415.600586	-59.973156
5426.367188	-60.569733
5437.133789	-63.848888
5447.900391	-59.336365
5458.666992	-59.772781
5469.433594	-61.889912
5480.200195	-59.682865
5490.966797	-59.578259
5501.733398	-62.180332
5512.500000	-60.310081
5523.266602	-61.354187
5534.033203	-55.711433
5544.799805	-58.539532
5555.566406	-60.723808
5566.333008	-60.783581
5577.099609	-57.126343
5587.866211	-56.587269
5598.632812	-59.047565
5609.399414	-61.015545
5620.166016	-60.675549
5630.932617	-59.217789
5641.699219	-61.707222
5652.465820	-58.483902
5663.232422	-58.312630
5673.999023	-61.824059
5684.765625	-60.433025
5695.532227	-60.794601
5706.298828	-60.371777
5717.065430	-61.561466
5727.832031	-60.754848
5738.598633	-59.625652
5749.365234	-59.342133
5760.131836	-59.650116
5770.898438	-60.397690
5781.665039	-62.150894
5792.431641	-58.853317
5803.198242	-59.618317
5813.964844	-58.699181
5824.731445	-56.706108
5835.498047	-57.216969
5846.264648	-60.520695
5857.031250	-59.088753
5867.797852	-60.528694
5878.564453	-62.785782
5889.331055	-60.963497
5900.097656	-61.411362
5910.864258	-60.107498
5921.630859	-60.282963
5932.397461	-60.227917
5943.164062	-62.022366
5953.930664	-62.597469
5964.697266	-62.906933
5975.463867	-61.396320
5986.230469	-58.246082
5996.997070	-55.324963
6007.763672	-58.559212
6018.530273	-61.143791
6029.296875	-59.993507
6040.063477	-58.946915
6050.830078	-58.650665
6061.596680	-58.861309
6072.363281	-57.271191
6083.129883	-59.014805
6093.896484	-60.559818
6104.663086	-58.630005
6115.429688	-61.615639
6126.196289	-60.843060
6136.962891	-57.098484
6147.729492	-57.146149
6158.496094	-56.443523
6169.262695	-57.945129
6180.029297	-57.819008
6190.795898	-56.875355
6201.562500	-57.097622
6212.329102	-59.031898
6223.095703	-59.875042
6233.862305	-61.133934
6244.628906	-60.058914
6255.395508	-61.736382
6266.162109	-61.987640
6276.928711	-61.434193
6287.695312	-60.762630
6298.461914	-61.521690
6309.228516	-63.540161
6319.995117	-60.685471
6330.761719	-59.584602
6341.528320	-57.617249
6352.294922	-59.285530
6363.061523	-64.081558
6373.828125	-64.254303
6384.594727	-64.886032
6395.361328	-61.527447
6406.127930	-59.499340
6416.894531	-58.638622
6427.661133	-58.646664
6438.427734	-63.838032
6449.194336	-60.515343
6459.960938	-59.878647
6470.727539	-59.133675
6481.494141	-59.718681
6492.260742	-62.670719
6503.027344	-63.583679
6513.793945	-60.513672
6524.560547	-57.294975
6535.327148	-57.566586
6546.093750	-59.994404
6556.860352	-61.093773
6567.626953	-60.075546
6578.393555	-60.841251
6589.160156	-61.715630
6599.926758	-62.190514
6610.693359	-62.578720
6621.459961	-64.034149
6632.226562	-62.851566
6642.993164	-59.312729
6653.759766	-59.286121
6664.526367	-57.781456
6675.292969	-58.835697
6686.059570	-60.611530
6696.826172	-60.135357
6707.592773	-61.613773
6718.359375	-60.990330
6729.125977	-59.926128
6739.892578	-59.697430
6750.659180	-59.014656
6761.425781	-57.677418
6772.192383	-57.902683
6782.958984	-58.730743
6793.725586	-58.069530
6804.492188	-58.516460
6815.258789	-57.110199
6826.025391	-57.667374
6836.791992	-60.893452
6847.558594	-63.807598
6858.325195	-64.037811
6869.091797	-60.679745
6879.858398	-59.018749
6890.625000	-61.053444
6901.391602	-62.525150
6912.158203	-59.686317
6922.924805	-58.408253
6933.691406	-60.908657
6944.458008	-61.139355
6955.224609	-59.422737
6965.991211	-59.105564
6976.757812	-57.687832
6987.524414	-56.993557
6998.291016	-57.489048
7009.057617	-60.577488
7019.824219	-59.239342
7030.590820	-58.649750
7041.357422	-60.807278
7052.124023	-64.935623
7062.890625	-63.288837
7073.657227	-58.995216
7084.423828	-59.158268
7095.190430	-62.669521
7105.957031	-63.642403
7116.723633	-60.436382
7127.490234	-59.590668
7138.256836	-60.068504
7149.023438	-58.547127
7159.790039	-56.286926
7170.556641	-58.735298
7181.323242	-61.637474
7192.089844	-61.840786
7202.856445	-58.365669
7213.623047	-56.165005
7224.389648	-55.746159
7235.156250	-60.275539
7245.922852	-61.374825
7256.689453	-61.616978
7267.456055	-60.108692
7278.222656	-61.501530
7288.989258	-59.481609
7299.755859	-59.505680
7310.522461	-61.282639
7321.289062	-60.119534
7332.055664	-58.097290
7342.822266	-57.952690
7353.588867	-57.861198
7364.355469	-58.246750
7375.122070	-62.128700
7385.888672	-62.043678
7396.655273	-61.914062
7407.421875	-62.655376
7418.188477	-64.476631
7428.955078	-61.346378
7439.721680	-62.138180
7450.488281	-59.971645
7461.254883	-62.125061
7472.021484	-62.735607
7482.788086	-59.006145
7493.554688	-58.921299
7504.321289	-63.269684
7515.087891	-61.982853
7525.854492	-61.739948
7536.621094	-61.171268
7547.387695	-64.881233
7558.154297	-62.754902
7568.920898	-60.367424
7579.687500	-59.646568
7590.454102	-61.534367
7601.220703	-61.283310
7611.987305	-60.751293
7622.753906	-60.063030
7633.520508	-61.218880
7644.287109	-63.183273
7655.053711	-64.622726
7665.820312	-58.312939
7676.586914	-57.325115
7687.353516	-62.506691
7698.120117	-60.602158
7708.886719	-61.246765
7719.653320	-63.382126
7730.419922	-63.538582
7741.186523	-62.146252
7751.953125	-62.535656
7762.719727	-63.544613
7773.486328	-61.156502
7784.252930	-62.921333
7795.019531	-64.405899
7805.786133	-63.465149
7816.552734	-66.432579
7827.319336	-58.426373
7838.085938	-58.490574
7848.852539	-59.985184
7859.619141	-59.233562
7870.385742	-57.717350
7881.152344	-57.112774
7891.918945	-62.576927
7902.685547	-59.379082
7913.452148	-61.689117
7924.218750	-58.252716
7934.985352	-59.616596
7945.751953	-61.617886
7956.518555	-58.247608
7967.285156	-56.017826
7978.051758	-55.729057
7988.818359	-60.283852
7999.584961	-59.167366
8010.351562	-59.102955
8021.118164	-62.196583
8031.884766	-61.395180
8042.651367	-61.757599
8053.417969	-60.926048
8064.184570	-59.819466
8074.951172	-60.289795
8085.717773	-60.905151
8096.484375	-60.873718
8107.250977	-60.333672
8118.017578	-57.726120
8128.784180	-59.276215
8139.550781	-59.986382
8150.317383	-57.301571
8161.083984	-58.227875
8171.850586	-55.894444
8182.617188	-55.591877
8193.383789	-60.133766
8204.150391	-60.937664
8214.916992	-60.277058
8225.683594	-59.358093
8236.450195	-58.096207
8247.216797	-58.706165
8257.983398	-61.257023
8268.750000	-62.635139
8279.516602	-61.310722
8290.283203	-58.656818
8301.049805	-64.400589
8311.816406	-63.318642
8322.583008	-64.043655
8333.349609	-62.151150
8344.116211	-60.250813
8354.882812	-62.004845
8365.649414	-60.730030
8376.416016	-56.523945
8387.182617	-56.599548
8397.949219	-60.954010
8408.715820	-61.461720
8419.482422	-60.762253
8430.249023	-63.389263
8441.015625	-57.873360
8451.782227	-59.039291
8462.548828	-63.999245
8473.315430	-61.140644
8484.082031	-63.216389
8494.848633	-61.543388
8505.615234	-61.898342
8516.381836	-60.027370
8527.148438	-59.200504
8537.915039	-61.855057
8548.681641	-58.019753
8559.448242	-59.513508
8570.214844	-60.240845
8580.981445	-62.554905
8591.748047	-65.449547
8602.514648	-60.615063
8613.281250	-59.902885
8624.047852	-60.052422
8634.814453	-62.551479
8645.581055	-60.693287
8656.347656	-62.222229
8667.114258	-63.045273
8677.880859	-61.498459
8688.647461	-60.662067
8699.414062	-58.512978
8710.180664	-59.713730
8720.947266	-59.467514
8731.713867	-61.224426
8742.480469	-64.835861
8753.247070	-60.152813
8764.013672	-61.120152
8774.780273	-62.777760
8785.546875	-61.270599
8796.313477	-61.160576
8807.080078	-60.408249
8817.846680	-60.097332
8828.613281	-62.932991
8839.379883	-60.085770
8850.146484	-60.065540
8860.913086	-59.884441
8871.679688	-63.403873
8882.446289	-60.481602
8893.212891	-61.179188
8903.979492	-63.639572
8914.746094	-59.208408
8925.512695	-58.620312
8936.279297	-57.336906
8947.045898	-61.857075
8957.812500	-63.202095
8968.579102	-59.443195
8979.345703	-58.353367
8990.112305	-63.029842
9000.878906	-62.057461
9011.645508	-60.035725
9022.412109	-60.453449
9033.178711	-60.677155
9043.945312	-60.196991
9054.711914	-57.460911
9065.478516	-59.549019
9076.245117	-58.379333
9087.011719	-61.832924
9097.778320	-59.747921
9108.544922	-59.802921
9119.311523	-58.841839
9130.078125	-56.369724
9140.844727	-60.991604
9151.611328	-63.480202
9162.377930	-61.944172
9173.144531	-60.866344
9183.911133	-57.078056
9194.677734	-58.738976
9205.444336	-62.782406
9216.210938	-60.128910
9226.977539	-61.817642
9237.744141	-60.749134
9248.510742	-57.270504
9259.277344	-60.641422
9270.043945	-57.700005
9280.810547	-55.295956
9291.577148	-56.737183
9302.343750	-58.655098
9313.110352	-59.289169
9323.876953	-59.474010
9334.643555	-59.440014
9345.410156	-60.316032
9356.176758	-61.295418
9366.943359	-59.995682
9377.709961	-60.136055
9388.476562	-62.512901
9399.243164	-65.498466
9410.009766	-61.431057
9420.776367	-60.412708
9431.542969	-62.890530
9442.309570	-60.130127
9453.076172	-57.680981
9463.842773	-57.142723
9474.609375	-59.838234
9485.375977	-60.034588
9496.142578	-57.423668
9506.909180	-58.528038
9517.675781	-59.305649
9528.442383	-60.178974
9539.208984	-59.215172
9549.975586	-60.551231
9560.742188	-64.844223
9571.508789	-62.555557
9582.275391	-56.392895
9593.041992	-57.405766
9603.808594	-63.204639
9614.575195	-62.583153
9625.341797	-62.439156
9636.108398	-60.979683
9646.875000	-60.312233
9657.641602	-60.262451
9668.408203	-65.460632
9679.174805	-66.335236
9689.941406	-63.776493
9700.708008	-61.937687
9711.474609	-59.577785
9722.241211	-58.955284
9733.007812	-60.507816
9743.774414	-62.486496
9754.541016	-62.793938
9765.307617	-65.202522
9776.074219	-64.330048
9786.840820	-60.178921
9797.607422	-58.181301
9808.374023	-60.180393
9819.140625	-58.693295
9829.907227	-59.651985
9840.673828	-61.371574
9851.440430	-62.442215
9862.207031	-62.531822
9872.973633	-62.199024
9883.740234	-60.982925
9894.506836	-58.863613
9905.273438	-59.060268
9916.040039	-61.459614
9926.806641	-65.866684
9937.573242	-64.113930
9948.339844	-58.946724
9959.106445	-59.209709
9969.873047	-61.309792
9980.639648	-60.778671
9991.406250	-59.999527
10002.172852	-58.004040
10012.939453	-60.045967
10023.706055	-59.876762
10034.472656	-60.401405
10045.239258	-62.770966
10056.005859	-61.505188
10066.772461	-61.586975
10077.539062	-61.678387
10088.305664	-60.578205
10099.072266	-59.762028
10109.838867	-59.815678
10120.605469	-61.824844
10131.372070	-59.301010
10142.138672	-60.496082
10152.905273	-62.302856
10163.671875	-59.721207
10174.438477	-57.041492
10185.205078	-58.916706
10195.971680	-60.847462
10206.738281	-61.746780
10217.504883	-62.632980
10228.271484	-58.815380
10239.038086	-61.973164
10249.804688	-66.210083
10260.571289	-60.678082
10271.337891	-60.066898
10282.104492	-62.975918
10292.871094	-60.798286
10303.637695	-60.684261
10314.404297	-59.837212
10325.170898	-60.079990
10335.937500	-61.701637
10346.704102	-59.875248
10357.470703	-60.765911
10368.237305	-60.335705
10379.003906	-60.786434
10389.770508	-62.253223
10400.537109	-57.915146
10411.303711	-56.149277
10422.070312	-59.672539
10432.836914	-58.893860
10443.603516	-57.697548
10454.370117	-57.888058
10465.136719	-57.379879
10475.903320	-62.352993
10486.669922	-59.645294
10497.436523	-57.360535
10508.203125	-60.600262
10518.969727	-61.076077
10529.736328	-60.162518
10540.502930	-59.660423
10551.269531	-58.420124
10562.036133	-59.224731
10572.802734	-59.813793
10583.569336	-60.894463
10594.335938	-62.512783
10605.102539	-63.096474
10615.869141	-62.428398
10626.635742	-60.720810
10637.402344	-60.921776
10648.168945	-59.840519
10658.935547	-60.234001
10669.702148	-64.071877
10680.468750	-65.162720
10691.235352	-64.562653
10702.001953	-60.984623
10712.768555	-60.637653
10723.535156	-61.469574
10734.301758	-63.138454
10745.068359	-61.138134
10755.834961	-63.283016
10766.601562	-60.754177
10777.368164	-59.410255
10788.134766	-60.446918
10798.901367	-61.481323
10809.667969	-60.101810
10820.434570	-61.186348
10831.201172	-59.306736
10841.967773	-59.194218
10852.734375	-59.001740
10863.500977	-59.518040
10874.267578	-61.143013
10885.034180	-60.113029
10895.800781	-58.677525
10906.567383	-58.758621
10917.333984	-60.540070
10928.100586	-61.647205
10938.867188	-56.867874
10949.633789	-56.612209
10960.400391	-59.720863
10971.166992	-61.785851
10981.933594	-59.731686
10992.700195	-56.878235
11003.466797	-60.564857
11014.233398	-58.841148
11025.000000	-55.668945
11035.766602	-57.138336
11046.533203	-59.140705
11057.299805	-61.663105
11068.066406	-60.185265
11078.833008	-59.721191
11089.599609	-61.225464
11100.366211	-61.020126
11111.132812	-61.601578
11121.899414	-60.689785
11132.666016	-59.977451
11143.432617	-60.039089
11154.199219	-61.244438
11164.965820	-59.686939
11175.732422	-57.639507
11186.499023	-59.437702
11197.265625	-59.274879
11208.032227	-60.542160
11218.798828	-61.574841
11229.565430	-59.843792
11240.332031	-60.105175
11251.098633	-58.468830
11261.865234	-61.082352
11272.631836	-61.379337
11283.398438	-62.275116
11294.165039	-62.361473
11304.931641	-61.068726
11315.698242	-61.101845
11326.464844	-61.877171
11337.231445	-59.857075
11347.998047	-57.559132
11358.764648	-56.206722
11369.531250	-55.764153
11380.297852	-58.600574
11391.064453	-63.918579
11401.831055	-61.731926
11412.597656	-58.180893
11423.364258	-56.188972
11434.130859	-59.068260
11444.897461	-61.914829
11455.664062	-60.721149
11466.430664	-60.945900
11477.197266	-60.359695
11487.963867	-60.439007
11498.730469	-60.203983
11509.497070	-61.300274
11520.263672	-64.588638
11531.030273	-60.395786
11541.796875	-58.536568
11552.563477	-63.152878
11563.330078	-59.752060
11574.096680	-57.900375
11584.863281	-60.135654
11595.629883	-61.692200
11606.396484	-59.577465
11617.163086	-56.647701
11627.929688	-56.425056
11638.696289	-55.938351
11649.462891	-58.037712
11660.229492	-60.195423
11670.996094	-59.089397
11681.762695	-60.735939
11692.529297	-61.358177
11703.295898	-60.183994
11714.062500	-61.054897
11724.829102	-61.031937
11735.595703	-61.713783
11746.362305	-61.168369
11757.128906	-57.925564
11767.895508	-58.127155
11778.662109	-57.506210
11789.428711	-56.626629
11800.195312	-61.179649
11810.961914	-61.012642
11821.728516	-62.056828
11832.495117	-62.400219
11843.261719	-61.826366
11854.028320	-59.948162
11864.794922	-61.314983
11875.561523	-64.752243
11886.328125	-65.275688
11897.094727	-61.447685
11907.861328	-59.947983
11918.627930	-60.819790
11929.394531	-62.185131
11940.161133	-60.710594
11950.927734	-60.883007
11961.694336	-60.298130
11972.460938	-60.736462
11983.227539	-58.726334
11993.994141	-59.208599
12004.760742	-59.997211
12015.527344	-58.812962
12026.293945	-57.776012
12037.060547	-58.736832
12047.827148	-62.075512
12058.593750	-63.988258
12069.360352	-63.555939
12080.126953	-59.905048
12090.893555	-59.964451
12101.660156	-58.523285
12112.426758	-57.826580
12123.193359	-59.381340
12133.959961	-60.681351
12144.726562	-60.242889
12155.493164	-60.818226
12166.259766	-63.250771
12177.026367	-58.382408
12187.792969	-57.526497
12198.559570	-62.501331
12209.326172	-62.182575
12220.092773	-62.561646
12230.859375	-62.863102
12241.625977	-61.840622
12252.392578	-58.111923
12263.159180	-59.033916
12273.925781	-62.793877
12284.692383	-65.469238
12295.458984	-60.828300
12306.225586	-60.521801
12316.992188	-58.407387
12327.758789	-59.996685
12338.525391	-56.038185
12349.291992	-57.953487
12360.058594	-57.084244
12370.825195	-55.820332
12381.591797	-58.303432
12392.358398	-58.833538
12403.125000	-58.961895
12413.891602	-59.110180
12424.658203	-60.102551
12435.424805	-60.251923
12446.191406	-59.065014
12456.958008	-61.209362
12467.724609	-62.187859
12478.491211	-61.198738
12489.257812	-59.047646
12500.024414	-61.065639
12510.791016	-62.477692
12521.557617	-58.413078
12532.324219	-57.216026
12543.090820	-56.794785
12553.857422	-60.240055
12564.624023	-63.994057
12575.390625	-60.393745
12586.157227	-57.835518
12596.923828	-59.167027
12607.690430	-64.461594
12618.457031	-59.868862
12629.223633	-60.142441
12639.990234	-61.502079
12650.756836	-61.887783
12661.523438	-59.860867
12672.290039	-62.701283
12683.056641	-61.959927
12693.823242	-60.371304
12704.589844	-59.274361
12715.356445	-59.735748
12726.123047	-59.832748
12736.889648	-59.739117
12747.656250	-62.238052
12758.422852	-58.588718
12769.189453	-57.766800
12779.956055	-60.329643
12790.722656	-60.961170
12801.489258	-64.348892
12812.255859	-61.388821
12823.022461	-61.772987
12833.789062	-64.011971
12844.555664	-61.040375
12855.322266	-62.006096
12866.088867	-63.314976
12876.855469	-61.069698
12887.622070	-60.707497
12898.388672	-62.169769
12909.155273	-64.256691
12919.921875	-64.090202
12930.688477	-60.447262
12941.455078	-60.324234
12952.221680	-62.023640
12962.988281	-57.983601
12973.754883	-57.923813
12984.521484	-57.905926
12995.288086	-58.024639
13006.054688	-57.977207
13016.821289	-58.915302
13027.587891	-60.765640
13038.354492	-63.371655
13049.121094	-58.855930
13059.887695	-57.079239
13070.654297	-59.430489
13081.420898	-58.890350
13092.187500	-58.856979
13102.954102	-61.246384
13113.720703	-60.159996
13124.487305	-61.751850
13135.253906	-60.574554
13146.020508	-59.075554
13156.787109	-59.901943
13167.553711	-61.700298
13178.320312	-63.551666
13189.086914	-60.018124
13199.853516	-57.062916
13210.620117	-57.356979
13221.386719	-60.311066
13232.153320	-61.371120
13242.919922	-62.234642
13253.686523	-61.947624
13264.453125	-57.973972
13275.219727	-57.346878
13285.986328	-57.134605
13296.752930	-58.925812
13307.519531	-59.761826
13318.286133	-61.574802
13329.052734	-60.448959
13339.819336	-60.771358
13350.585938	-61.828506
13361.352539	-61.809078
13372.119141	-62.311646
13382.885742	-60.933674
13393.652344	-61.076550
13404.418945	-62.920002
13415.185547	-62.711189
13425.952148	-63.940468
13436.718750	-62.632225
13447.485352	-58.277061
13458.251953	-59.666451
13469.018555	-60.667564
13479.785156	-59.306992
13490.551758	-61.821903
13501.318359	-57.786877
13512.084961	-57.219833
13522.851562	-60.553543
13533.618164	-66.215485
13544.384766	-60.215916
13555.151367	-61.214130
13565.917969	-62.898621
13576.684570	-61.383266
13587.451172	-59.033260
13598.217773	-56.767731
13608.984375	-60.371758
13619.750977	-61.564503
13630.517578	-62.421734
13641.284180	-60.307465
13652.050781	-59.148197
13662.817383	-61.151932
13673.583984	-59.510654
13684.350586	-60.194637
13695.117188	-59.341438
13705.883789	-60.977577
13716.650391	-59.926727
13727.416992	-58.066765
13738.183594	-60.835468
13748.950195	-58.742184
13759.716797	-58.968494
13770.483398	-62.018204
13781.250000	-64.952248
13792.016602	-62.154350
13802.783203	-61.346676
13813.549805	-60.415771
13824.316406	-58.974113
13835.083008	-57.714043
13845.849609	-58.265770
13856.616211	-60.269230
13867.382812	-60.663990
13878.149414	-58.688690
13888.916016	-59.690018
13899.682617	-58.409725
13910.449219	-58.811741
13921.215820	-63.880077
13931.982422	-62.809418
13942.749023	-60.198071
13953.515625	-59.232105
13964.282227	-59.869331
13975.048828	-62.120148
13985.815430	-60.654827
13996.582031	-61.676800
14007.348633	-62.646980
14018.115234	-62.119465
14028.881836	-61.505295
14039.648438	-62.520927
14050.415039	-61.289562
14061.181641	-59.517799
14071.948242	-59.267403
14082.714844	-59.626286
14093.481445	-59.850697
14104.248047	-59.734402
14115.014648	-60.672520
14125.781250	-60.610481
14136.547852	-62.585026
14147.314453	-64.768768
14158.081055	-64.338776
14168.847656	-62.972351
14179.614258	-62.722160
14190.380859	-62.881351
14201.147461	-63.769794
14211.914062	-60.857750
14222.680664	-58.845871
14233.447266	-63.778656
14244.213867	-63.336605
14254.980469	-61.840584
14265.747070	-60.340988
14276.513672	-59.362701
14287.280273	-61.645515
14298.046875	-57.218746
14308.813477	-57.963448
14319.580078	-62.077343
14330.346680	-62.108673
14341.113281	-60.970196
14351.879883	-60.738476
14362.646484	-61.008720
14373.413086	-62.516834
14384.179688	-60.459942
14394.946289	-58.225826
14405.712891	-61.868713
14416.479492	-61.847145
14427.246094	-63.231808
14438.012695	-59.301151
14448.779297	-57.354519
14459.545898	-57.058189
14470.312500	-59.922897
14481.079102	-59.783928
14491.845703	-59.872280
14502.612305	-59.441296
14513.378906	-63.011665
14524.145508	-62.382385
14534.912109	-59.659397
14545.678711	-60.537548
14556.445312	-56.361374
14567.211914	-55.804783
14577.978516	-57.423325
14588.745117	-59.022217
14599.511719	-61.238895
14610.278320	-63.107811
14621.044922	-63.551704
14631.811523	-59.353481
14642.578125	-58.593956
14653.344727	-58.818478
14664.111328	-58.825325
14674.877930	-59.344627
14685.644531	-61.320633
14696.411133	-61.738976
14707.177734	-61.993893
14717.944336	-61.423176
14728.710938	-57.578197
14739.477539	-56.456650
14750.244141	-58.473248
14761.010742	-58.745186
14771.777344	-60.574230
14782.543945	-64.665802
14793.310547	-61.742332
14804.077148	-59.331646
14814.843750	-58.323586
14825.610352	-60.055389
14836.376953	-59.806366
14847.143555	-59.333645
14857.910156	-62.592651
14868.676758	-59.777790
14879.443359	-58.978809
14890.209961	-60.575451
14900.976562	-59.868546
14911.743164	-59.877216
14922.509766	-62.550346
14933.276367	-60.129120
14944.042969	-59.462284
14954.809570	-62.506889
14965.576172	-60.646629
14976.342773	-61.898670
14987.109375	-61.482952
14997.875977	-60.251461
15008.642578	-61.466869
15019.409180	-64.056580
15030.175781	-60.724010
15040.942383	-57.957352
15051.708984	-59.582085
15062.475586	-58.685562
15073.242188	-61.952579
15084.008789	-62.064751
15094.775391	-59.812729
15105.541992	-60.269264
15116.308594	-62.796150
15127.075195	-60.887943
15137.841797	-58.016312
15148.608398	-61.085079
15159.375000	-64.647453
15170.141602	-62.395985
15180.908203	-62.277676
15191.674805	-60.619774
15202.441406	-59.766788
15213.208008	-59.088818
15223.974609	-60.911293
15234.741211	-62.234135
15245.507812	-60.140522
15256.274414	-60.488956
15267.041016	-58.734016
15277.807617	-58.725891
15288.574219	-63.340637
15299.340820	-58.932766
15310.107422	-60.686771
15320.874023	-61.279587
15331.640625	-62.218956
15342.407227	-62.440628
15353.173828	-61.261440
15363.940430	-62.505791
15374.707031	-59.470383
15385.473633	-59.144333
15396.240234	-63.426800
15407.006836	-57.038422
15417.773438	-56.638741
15428.540039	-58.573414
15439.306641	-58.793598
15450.073242	-60.050022
15460.839844	-61.858097
15471.606445	-59.083107
15482.373047	-61.225407
15493.139648	-66.129646
15503.906250	-61.657505
15514.672852	-59.146446
15525.439453	-57.871288
15536.206055	-57.427570
15546.972656	-62.156708
15557.739258	-63.366852
15568.505859	-62.120014
15579.272461	-61.387272
15590.039062	-60.495144
15600.805664	-60.365120
15611.572266	-60.773113
15622.338867	-59.722370
15633.105469	-59.382812
15643.872070	-58.870865
15654.638672	-62.017117
15665.405273	-62.401756
15676.171875	-60.721531
15686.938477	-58.500317
15697.705078	-56.443573
15708.471680	-58.640488
15719.238281	-61.043125
15730.004883	-58.829052
15740.771484	-58.018726
15751.538086	-57.982094
15762.304688	-58.589096
15773.071289	-60.137630
15783.837891	-59.789433
15794.604492	-59.184395
15805.371094	-60.175915
15816.137695	-59.981724
15826.904297	-60.063408
15837.670898	-58.980503
15848.437500	-57.081566
15859.204102	-56.425701
15869.970703	-55.261295
15880.737305	-56.925835
15891.503906	-64.270401
15902.270508	-63.251598
15913.037109	-62.690674
15923.803711	-63.917595
15934.570312	-58.948574
15945.336914	-61.662071
15956.103516	-63.387760
15966.870117	-60.650272
15977.636719	-60.485878
15988.403320	-60.495647
15999.169922	-60.771301
16009.936523	-60.118572
16020.703125	-62.237301
16031.469727	-59.979988
16042.236328	-56.437740
16053.002930	-57.048538
16063.769531	-58.046600
16074.536133	-58.461895
16085.302734	-60.267441
16096.069336	-63.064960
16106.835938	-60.836952
16117.602539	-59.456852
16128.369141	-61.059238
16139.135742	-61.692650
16149.902344	-61.918896
16160.668945	-60.091431
16171.435547	-58.727383
16182.202148	-60.931789
16192.968750	-62.607014
16203.735352	-62.893742
16214.501953	-61.341324
16225.268555	-59.052284
16236.035156	-60.560589
16246.801758	-65.056381
16257.568359	-63.000050
16268.334961	-59.585743
16279.101562	-58.390995
16289.868164	-61.165943
16300.634766	-60.910828
16311.401367	-63.209026
16322.167969	-62.170147
16332.934570	-60.988773
16343.701172	-58.885765
16354.467773	-58.910973
16365.234375	-60.199833
16376.000977	-57.815876
16386.767578	-57.916073
16397.534180	-57.956318
16408.300781	-56.372482
16419.067383	-59.427578
16429.833984	-63.161663
16440.600586	-64.904366
16451.367188	-61.640163
16462.133789	-60.117451
16472.900391	-59.194153
16483.666992	-58.816471
16494.433594	-66.186325
16505.200195	-61.130932
16515.966797	-61.362682
16526.733398	-60.545128
16537.500000	-63.260685
16548.266602	-59.977371
16559.033203	-58.894878
16569.799805	-58.565044
16580.566406	-62.092796
16591.333008	-63.603268
16602.099609	-63.590736
16612.866211	-63.821159
16623.632812	-62.043598
16634.399414	-61.091217
16645.166016	-59.159340
16655.932617	-57.718838
16666.699219	-60.345638
16677.465820	-63.980797
16688.232422	-62.211563
16698.999023	-62.279015
16709.765625	-62.411655
16720.532227	-59.244156
16731.298828	-59.696289
16742.065430	-59.802994
16752.832031	-60.414429
16763.598633	-61.520321
16774.365234	-64.601936
16785.131836	-59.280060
16795.898438	-59.564850
16806.665039	-61.975128
16817.431641	-62.100491
16828.198242	-57.138714
16838.964844	-57.559319
16849.731445	-60.335781
16860.498047	-58.927647
16871.264648	-59.444530
16882.031250	-62.692928
16892.797852	-63.989109
16903.564453	-61.226166
16914.331055	-61.106079
16925.097656	-62.689671
16935.864258	-60.343372
16946.630859	-61.173672
16957.397461	-61.955994
16968.164062	-61.337715
16978.930664	-61.664772
16989.697266	-58.617981
17000.463867	-58.935951
17011.230469	-59.468594
17021.997070	-61.731064
17032.763672	-62.268784
17043.530273	-60.742096
17054.296875	-59.294697
17065.063477	-58.779865
17075.830078	-57.662773
17086.596680	-60.661587
17097.363281	-63.647919
17108.129883	-60.874828
17118.896484	-59.197342
17129.663086	-58.038628
17140.429688	-57.883324
17151.196289	-57.311974
17161.962891	-60.378414
17172.729492	-64.373360
17183.496094	-59.105221
17194.262695	-57.260944
17205.029297	-59.049652
17215.795898	-58.871731
17226.562500	-58.594742
17237.329102	-61.319580
17248.095703	-62.446289
17258.862305	-62.415569
17269.628906	-61.431198
17280.395508	-58.743893
17291.162109	-59.737930
17301.928711	-61.339302
17312.695312	-60.680305
17323.461914	-58.176540
17334.228516	-56.390213
17344.995117	-58.873951
17355.761719	-62.023045
17366.528320	-64.581261
17377.294922	-62.178017
17388.061523	-59.847694
17398.828125	-62.429581
17409.594727	-64.042999
17420.361328	-62.684925
17431.127930	-62.380104
17441.894531	-59.981949
17452.661133	-58.766068
17463.427734	-61.541321
17474.194336	-62.731529
17484.960938	-59.213982
17495.727539	-60.561985
17506.494141	-63.382839
17517.260742	-64.787163
17528.027344	-62.282986
17538.793945	-60.636642
17549.560547	-61.634789
17560.327148	-62.754665
17571.093750	-63.278595
17581.860352	-59.473057
17592.626953	-57.779797
17603.393555	-60.976994
17614.160156	-61.133160
17624.926758	-60.668743
17635.693359	-60.136551
17646.459961	-63.011318
17657.226562	-59.267319
17667.993164	-59.600224
17678.759766	-64.572128
17689.526367	-62.056526
17700.292969	-59.754745
17711.059570	-58.351841
17721.826172	-59.368969
17732.592773	-59.084839
17743.359375	-58.251152
17754.125977	-59.592350
17764.892578	-59.468311
17775.659180	-59.747913
17786.425781	-60.596600
17797.192383	-61.730091
17807.958984	-57.162716
17818.725586	-58.261429
17829.492188	-60.340343
17840.258789	-59.563728
17851.025391	-60.416458
17861.791992	-60.261456
17872.558594	-61.987892
17883.325195	-64.229492
17894.091797	-60.440151
17904.858398	-58.334743
17915.625000	-59.196945
17926.391602	-58.332767
17937.158203	-59.134853
17947.924805	-59.396675
17958.691406	-61.782681
17969.458008	-58.904362
17980.224609	-57.106453
17990.991211	-59.821335
18001.757812	-60.053425
18012.524414	-57.347454
18023.291016	-61.946480
18034.057617	-67.936874
18044.824219	-60.356148
18055.590820	-63.303581
18066.357422	-62.524864
18077.124023	-60.847942
18087.890625	-61.221809
18098.657227	-62.735935
18109.423828	-59.701160
18120.190430	-60.111187
18130.957031	-59.174442
18141.723633	-57.888130
18152.490234	-58.010181
18163.256836	-59.132938
18174.023438	-58.417969
18184.790039	-58.459488
18195.556641	-61.265720
18206.323242	-62.788116
18217.089844	-59.382977
18227.856445	-60.525963
18238.623047	-61.614357
18249.389648	-63.347179
18260.156250	-66.155762
18270.922852	-58.216911
18281.689453	-58.767296
18292.456055	-62.623844
18303.222656	-62.097168
18313.989258	-59.961899
18324.755859	-62.978367
18335.522461	-58.441025
18346.289062	-61.213703
18357.055664	-61.237766
18367.822266	-62.356960
18378.588867	-59.228695
18389.355469	-61.037800
18400.122070	-62.189297
18410.888672	-63.543846
18421.655273	-62.449825
18432.421875	-59.048294
18443.188477	-59.137627
18453.955078	-59.736473
18464.721680	-59.667809
18475.488281	-59.254364
18486.254883	-61.236805
18497.021484	-63.850613
18507.788086	-62.330818
18518.554688	-61.210312
18529.321289	-60.986904
18540.087891	-60.132580
18550.854492	-58.104897
18561.621094	-56.912235
18572.387695	-59.535149
18583.154297	-61.787739
18593.920898	-60.041706
18604.687500	-59.130989
18615.454102	-60.536602
18626.220703	-59.400421
18636.987305	-59.394859
18647.753906	-61.159168
18658.520508	-61.056362
18669.287109	-63.402149
18680.053711	-60.226357
18690.820312	-60.180233
18701.586914	-59.723633
18712.353516	-60.509747
18723.120117	-59.997688
18733.886719	-60.638058
18744.653320	-61.809689
18755.419922	-58.124588
18766.186523	-57.554035
18776.953125	-62.782627
18787.719727	-60.319866
18798.486328	-57.060204
18809.252930	-58.047897
18820.019531	-57.965164
18830.786133	-58.209572
18841.552734	-60.501450
18852.319336	-61.465008
18863.085938	-60.082027
18873.852539	-57.238506
18884.619141	-60.061985
18895.385742	-60.461349
18906.152344	-59.339111
18916.918945	-62.395981
18927.685547	-61.677929
18938.452148	-61.976700
18949.218750	-62.028744
18959.985352	-60.708706
18970.751953	-60.678398
18981.518555	-59.652397
18992.285156	-58.013512
19003.051758	-57.724533
19013.818359	-58.649708
19024.584961	-58.168491
19035.351562	-58.046112
19046.118164	-59.313900
19056.884766	-61.676933
19067.651367	-60.577003
19078.417969	-56.792004
19089.184570	-58.359119
19099.951172	-62.091053
19110.717773	-59.569592
19121.484375	-60.275085
19132.250977	-61.370186
19143.017578	-62.764587
19153.784180	-64.651321
19164.550781	-62.681232
19175.317383	-62.785347
19186.083984	-58.460152
19196.850586	-56.792515
19207.617188	-59.403244
19218.383789	-64.286026
19229.150391	-58.420715
19239.916992	-57.908737
19250.683594	-58.945858
19261.450195	-58.049877
19272.216797	-58.925930
19282.983398	-61.606575
19293.750000	-62.944977
19304.516602	-57.567024
19315.283203	-59.404697
19326.049805	-59.205391
19336.816406	-59.320446
19347.583008	-58.504326
19358.349609	-58.875278
19369.116211	-56.436172
19379.882812	-57.318119
19390.649414	-58.613964
19401.416016	-58.387215
19412.182617	-61.382767
19422.949219	-62.811020
19433.715820	-60.616093
19444.482422	-60.689041
19455.249023	-66.113159
19466.015625	-65.012054
19476.782227	-61.168179
19487.548828	-60.277046
19498.315430	-59.252869
19509.082031	-60.855076
19519.848633	-61.040752
19530.615234	-61.790489
19541.381836	-60.655125
19552.148438	-58.490211
19562.915039	-61.408360
19573.681641	-62.151554
19584.448242	-62.710693
19595.214844	-62.175762
19605.981445	-64.238190
19616.748047	-57.689434
19627.514648	-58.605274
19638.281250	-62.922600
19649.047852	-63.126446
19659.814453	-61.581570
19670.581055	-60.620056
19681.347656	-57.917622
19692.114258	-59.410549
19702.880859	-62.463104
19713.647461	-61.800697
19724.414062	-62.666710
19735.180664	-57.640129
19745.947266	-57.791214
19756.713867	-57.959660
19767.480469	-62.579952
19778.247070	-63.530148
19789.013672	-60.213112
19799.780273	-60.792606
19810.546875	-63.612602
19821.313477	-62.818729
19832.080078	-63.451828
19842.846680	-61.215557
19853.613281	-60.923424
19864.379883	-61.674637
19875.146484	-59.829056
19885.913086	-58.973057
19896.679688	-56.774170
19907.446289	-57.121227
19918.212891	-59.408112
19928.979492	-60.395805
19939.746094	-59.240429
19950.512695	-63.363991
19961.279297	-63.284912
19972.045898	-67.222816
19982.812500	-65.286942
19993.579102	-64.735512
20004.345703	-60.313465
20015.112305	-63.169621
20025.878906	-60.495335
20036.645508	-60.881123
20047.412109	-63.135574
20058.178711	-61.897499
20068.945312	-62.406696
20079.711914	-63.310051
20090.478516	-61.301083
20101.245117	-60.963436
20112.011719	-61.521976
20122.778320	-62.444668
20133.544922	-62.528378
20144.311523	-61.399559
20155.078125	-61.947918
20165.844727	-61.854504
20176.611328	-60.813354
20187.377930	-58.921932
20198.144531	-59.922382
20208.911133	-58.857388
20219.677734	-59.198257
20230.444336	-59.897617
20241.210938	-61.272820
20251.977539	-60.315155
20262.744141	-57.526402
20273.510742	-57.913845
20284.277344	-57.268784
20295.043945	-59.582748
20305.810547	-59.993229
20316.577148	-60.774815
20327.343750	-60.959137
20338.110352	-59.372387
20348.876953	-59.243725
20359.643555	-63.282745
20370.410156	-61.095364
20381.176758	-60.294315
20391.943359	-60.616943
20402.709961	-59.630333
20413.476562	-59.239277
20424.243164	-57.939537
20435.009766	-59.047821
20445.776367	-59.618839
20456.542969	-61.158192
20467.309570	-61.857498
20478.076172	-60.643753
20488.842773	-58.278282
20499.609375	-59.089195
20510.375977	-58.147514
20521.142578	-59.691189
20531.909180	-63.837994
20542.675781	-62.337914
20553.442383	-60.248447
20564.208984	-61.024628
20574.975586	-62.976288
20585.742188	-61.179462
20596.508789	-62.344696
20607.275391	-62.777290
20618.041992	-63.775482
20628.808594	-63.307037
20639.575195	-61.414600
20650.341797	-59.808750
20661.108398	-63.281807
20671.875000	-63.581841
20682.641602	-59.480686
20693.408203	-57.201664
20704.174805	-58.011936
20714.941406	-60.567959
20725.708008	-57.381809
20736.474609	-56.916798
20747.241211	-60.400803
20758.007812	-61.212612
20768.774414	-61.510559
20779.541016	-61.009846
20790.307617	-58.610958
20801.074219	-60.724552
20811.840820	-66.662659
20822.607422	-63.178944
20833.374023	-62.124985
20844.140625	-60.700603
20854.907227	-58.736996
20865.673828	-57.260303
20876.440430	-60.015530
20887.207031	-65.839134
20897.973633	-64.454704
20908.740234	-64.458282
20919.506836	-62.802689
20930.273438	-61.594807
20941.040039	-61.425961
20951.806641	-57.415112
20962.573242	-60.410660
20973.339844	-58.970318
20984.106445	-59.054543
20994.873047	-60.980370
21005.639648	-61.154007
21016.406250	-58.918591
21027.172852	-60.026478
21037.939453	-58.551651
21048.706055	-58.798515
21059.472656	-58.242882
21070.239258	-61.435059
21081.005859	-60.145996
21091.772461	-62.915131
21102.539062	-62.627098
21113.305664	-61.468487
21124.072266	-62.949986
21134.838867	-59.554581
21145.605469	-60.046925
21156.372070	-58.013695
21167.138672	-57.875229
21177.905273	-61.561733
21188.671875	-61.649597
21199.438477	-63.915970
21210.205078	-65.183807
21220.971680	-61.503578
21231.738281	-58.745937
21242.504883	-58.114304
21253.271484	-61.141663
21264.038086	-60.897446
21274.804688	-62.308186
21285.571289	-67.716431
21296.337891	-61.474808
21307.104492	-58.398621
21317.871094	-58.847843
21328.637695	-61.576229
21339.404297	-65.119865
21350.170898	-60.247887
21360.937500	-60.195656
21371.704102	-61.307690
21382.470703	-60.239223
21393.237305	-59.077744
21404.003906	-60.493988
21414.770508	-65.216255
21425.537109	-61.232456
21436.303711	-61.253735
21447.070312	-63.180859
21457.836914	-60.468884
21468.603516	-58.008118
21479.370117	-58.469208
21490.136719	-60.398529
21500.903320	-59.621677
21511.669922	-56.419510
21522.436523	-57.514057
21533.203125	-63.031723
21543.969727	-65.435905
21554.736328	-58.956364
21565.502930	-57.942001
21576.269531	-59.810566
21587.036133	-60.865715
21597.802734	-60.641941
21608.569336	-59.789768
21619.335938	-61.324230
21630.102539	-60.969131
21640.869141	-56.397327
21651.635742	-55.464317
21662.402344	-58.341099
21673.168945	-61.522770
21683.935547	-59.789585
21694.702148	-58.839260
21705.468750	-60.113697
21716.235352	-61.870640
21727.001953	-60.066612
21737.768555	-60.029789
21748.535156	-58.678295
21759.301758	-57.871208
21770.068359	-58.075165
21780.834961	-59.142963
21791.601562	-59.569283
21802.368164	-60.438984
21813.134766	-59.690403
21823.901367	-62.552532
21834.667969	-62.510857
21845.434570	-61.573223
21856.201172	-61.294827
21866.967773	-61.956749
21877.734375	-61.958286
21888.500977	-62.000069
21899.267578	-60.606873
21910.034180	-59.613323
21920.800781	-60.375065
21931.567383	-58.153091
21942.333984	-57.751450
21953.100586	-60.294788
21963.867188	-60.700478
21974.633789	-64.083336
21985.400391	-61.943298
21996.166992	-60.977940
22006.933594	-59.552937
22017.700195	-59.027439
22028.466797	-59.080986
22039.233398	-60.159451
