Frequency (Hz)	Level (dB)
10.766602	-48.983994
21.533203	-47.588085
32.299805	-47.017597
43.066406	-45.286980
53.833008	-45.487106
64.599609	-47.617222
75.366211	-42.429813
86.132812	-37.173046
96.899414	-34.473370
107.666016	-36.967541
118.432617	-40.230499
129.199219	-41.236938
139.965820	-40.788357
150.732422	-42.328217
161.499023	-45.091087
172.265625	-46.149323
183.032227	-46.530960
193.798828	-46.338455
204.565430	-44.335499
215.332031	-43.869946
226.098633	-43.661846
236.865234	-43.247303
247.631836	-43.275101
258.398438	-42.424454
269.165039	-41.055836
279.931641	-38.632549
290.698242	-38.688591
301.464844	-41.101398
312.231445	-43.051876
322.998047	-43.254211
333.764648	-43.760544
344.531250	-45.331142
355.297852	-44.863426
366.064453	-44.436161
376.831055	-44.421215
387.597656	-44.290588
398.364258	-44.597866
409.130859	-45.069836
419.897461	-45.588455
430.664062	-46.852886
441.430664	-47.683372
452.197266	-48.605049
462.963867	-48.832302
473.730469	-49.248814
484.497070	-49.828484
495.263672	-49.149574
506.030273	-47.099831
516.796875	-46.211090
527.563477	-46.594685
538.330078	-45.378811
549.096680	-43.844585
559.863281	-42.179333
570.629883	-41.673283
581.396484	-42.444550
592.163086	-42.513992
602.929688	-42.849972
613.696289	-44.029457
624.462891	-44.340088
635.229492	-43.923832
645.996094	-43.992859
656.762695	-42.750214
667.529297	-42.997219
678.295898	-44.002007
689.062500	-43.495510
699.829102	-43.152996
710.595703	-42.731384
721.362305	-40.228260
732.128906	-41.594013
742.895508	-44.531136
753.662109	-44.368046
764.428711	-44.257565
775.195312	-45.763557
785.961914	-45.933395
796.728516	-43.220676
807.495117	-42.988907
818.261719	-41.132301
829.028320	-39.718437
839.794922	-38.173470
850.561523	-38.536896
861.328125	-42.415924
872.094727	-44.860023
882.861328	-44.999226
893.627930	-43.692066
904.394531	-43.416580
915.161133	-45.168758
925.927734	-46.592762
936.694336	-48.052769
947.460938	-49.675972
958.227539	-47.937336
968.994141	-47.446594
979.760742	-46.881805
990.527344	-47.385296
1001.293945	-49.031860
1012.060547	-49.420914
1022.827148	-49.856670
1033.593750	-50.012291
1044.360352	-49.532341
1055.126953	-49.355278
1065.893555	-48.347446
1076.660156	-48.404297
1087.426758	-49.241798
1098.193359	-49.118214
1108.959961	-49.625160
1119.726562	-49.709930
1130.493164	-48.913788
1141.259766	-49.575100
1152.026367	-49.263664
1162.792969	-48.427959
1173.559570	-47.176556
1184.326172	-46.215763
1195.092773	-47.353134
1205.859375	-48.078773
1216.625977	-45.786385
1227.392578	-43.519402
1238.159180	-44.396786
1248.925781	-46.021755
1259.692383	-44.844078
1270.458984	-44.534752
1281.225586	-46.463352
1291.992188	-47.165646
1302.758789	-46.092831
1313.525391	-44.020748
1324.291992	-45.005859
1335.058594	-46.181744
1345.825195	-46.988373
1356.591797	-46.216919
1367.358398	-45.839600
1378.125000	-45.085930
1388.891602	-44.332165
1399.658203	-43.906410
1410.424805	-43.993320
1421.191406	-45.335506
1431.958008	-45.627113
1442.724609	-44.672230
1453.491211	-44.240879
1464.257812	-43.946850
1475.024414	-43.936401
1485.791016	-44.108482
1496.557617	-43.121052
1507.324219	-43.831516
1518.090820	-44.389359
1528.857422	-43.420418
1539.624023	-41.880932
1550.390625	-43.011707
1561.157227	-43.968193
1571.923828	-43.786884
1582.690430	-43.511951
1593.457031	-42.270470
1604.223633	-43.056911
1614.990234	-44.156601
1625.756836	-42.875645
1636.523438	-42.059856
1647.290039	-42.343403
1658.056641	-42.759239
1668.823242	-42.138386
1679.589844	-41.402195
1690.356445	-42.286896
1701.123047	-44.324383
1711.889648	-45.885891
1722.656250	-46.922974
1733.422852	-46.309925
1744.189453	-45.547291
1754.956055	-46.270222
1765.722656	-47.121586
1776.489258	-48.549538
1787.255859	-49.790775
1798.022461	-50.085285
1808.789062	-49.597893
1819.555664	-49.485615
1830.322266	-49.861656
1841.088867	-51.404457
1851.855469	-51.651306
1862.622070	-50.620972
1873.388672	-49.984684
1884.155273	-50.888420
1894.921875	-51.135796
1905.688477	-52.445549
1916.455078	-51.764847
1927.221680	-50.289509
1937.988281	-50.059273
1948.754883	-50.988495
1959.521484	-50.811314
1970.288086	-49.683037
1981.054688	-50.207767
1991.821289	-49.767513
2002.587891	-48.904545
2013.354492	-48.510162
2024.121094	-48.102604
2034.887695	-46.934345
2045.654297	-46.369598
2056.420898	-46.925335
2067.187500	-47.341377
2077.954102	-47.695583
2088.720703	-48.199207
2099.487305	-48.180397
2110.253906	-48.644489
2121.020508	-48.098793
2131.787109	-46.224747
2142.553711	-44.551723
2153.320312	-44.685425
2164.086914	-45.305382
2174.853516	-45.115170
2185.620117	-44.995407
2196.386719	-45.522648
2207.153320	-45.782661
2217.919922	-45.763123
2228.686523	-45.710388
2239.453125	-45.421379
2250.219727	-45.467079
2260.986328	-44.157440
2271.752930	-43.507446
2282.519531	-44.101406
2293.286133	-45.073055
2304.052734	-45.456474
2314.819336	-45.017765
2325.585938	-45.194164
2336.352539	-43.308659
2347.119141	-43.985329
2357.885742	-45.347198
2368.652344	-46.553211
2379.418945	-44.845818
2390.185547	-44.618065
2400.952148	-45.818810
2411.718750	-44.860115
2422.485352	-44.310345
2433.251953	-44.522919
2444.018555	-44.883045
2454.785156	-45.202156
2465.551758	-45.147289
2476.318359	-44.754742
2487.084961	-45.254070
2497.851562	-46.137718
2508.618164	-46.231586
2519.384766	-45.849430
2530.151367	-46.313828
2540.917969	-45.859276
2551.684570	-46.440708
2562.451172	-47.164303
2573.217773	-46.545147
2583.984375	-46.306316
2594.750977	-46.441414
2605.517578	-46.680817
2616.284180	-46.321709
2627.050781	-45.508968
2637.817383	-46.483852
2648.583984	-47.148521
2659.350586	-47.624043
2670.117188	-48.229397
2680.883789	-49.135090
2691.650391	-49.600147
2702.416992	-49.284096
2713.183594	-49.695698
2723.950195	-51.043419
2734.716797	-51.740803
2745.483398	-51.683498
2756.250000	-50.884068
2767.016602	-51.168816
2777.783203	-52.308441
2788.549805	-53.272186
2799.316406	-53.602875
2810.083008	-54.288391
2820.849609	-54.630257
2831.616211	-54.559986
2842.382812	-55.582493
2853.149414	-54.802200
2863.916016	-54.856865
2874.682617	-56.012268
2885.449219	-56.108723
2896.215820	-55.800114
2906.982422	-55.415726
2917.749023	-55.963627
2928.515625	-57.036766
2939.282227	-56.926437
2950.048828	-57.006943
2960.815430	-55.570553
2971.582031	-55.108070
2982.348633	-56.804264
2993.115234	-57.199829
3003.881836	-55.989178
3014.648438	-55.397743
3025.415039	-55.452198
3036.181641	-55.885494
3046.948242	-57.618580
3057.714844	-57.116623
3068.481445	-57.269218
3079.248047	-56.267658
3090.014648	-56.190384
3100.781250	-56.806953
3111.547852	-56.455578
3122.314453	-55.099724
3133.081055	-54.637215
3143.847656	-54.216640
3154.614258	-53.377483
3165.380859	-53.976421
3176.147461	-53.911476
3186.914062	-53.745464
3197.680664	-52.034676
3208.447266	-52.253471
3219.213867	-53.145332
3229.980469	-52.705948
3240.747070	-52.992859
3251.513672	-53.571796
3262.280273	-53.231049
3273.046875	-53.470978
3283.813477	-53.800224
3294.580078	-53.176441
3305.346680	-52.376328
3316.113281	-52.824883
3326.879883	-52.884632
3337.646484	-53.131191
3348.413086	-54.219566
3359.179688	-54.516544
3369.946289	-54.470989
3380.712891	-54.933723
3391.479492	-56.199589
3402.246094	-55.139030
3413.012695	-53.794876
3423.779297	-53.789169
3434.545898	-54.158897
3445.312500	-54.376163
3456.079102	-54.507900
3466.845703	-55.382748
3477.612305	-55.973125
3488.378906	-55.475368
3499.145508	-55.059467
3509.912109	-53.840176
3520.678711	-53.614605
3531.445312	-54.728439
3542.211914	-55.542576
3552.978516	-55.156162
3563.745117	-55.131798
3574.511719	-55.175549
3585.278320	-54.510189
3596.044922	-55.043015
3606.811523	-54.767330
3617.578125	-54.739845
3628.344727	-54.447361
3639.111328	-54.769970
3649.877930	-52.309044
3660.644531	-52.397957
3671.411133	-54.982250
3682.177734	-56.530689
3692.944336	-56.129539
3703.710938	-55.637432
3714.477539	-56.340107
3725.244141	-56.990570
3736.010742	-57.065319
3746.777344	-57.539207
3757.543945	-58.470993
3768.310547	-58.405289
3779.077148	-59.073662
3789.843750	-58.709896
3800.610352	-58.721909
3811.376953	-59.209919
3822.143555	-60.060368
3832.910156	-60.147259
3843.676758	-59.725407
3854.443359	-59.929768
3865.209961	-60.863323
3875.976562	-61.341507
3886.743164	-61.566902
3897.509766	-61.151081
3908.276367	-61.303814
3919.042969	-61.516758
3929.809570	-62.005428
3940.576172	-62.014740
3951.342773	-61.317650
3962.109375	-60.774906
3972.875977	-60.635223
3983.642578	-61.001610
3994.409180	-61.280262
4005.175781	-61.957951
4015.942383	-62.606983
4026.708984	-63.018036
4037.475586	-62.984352
4048.242188	-63.106956
4059.008789	-63.272755
4069.775391	-63.359444
4080.541992	-63.547226
4091.308594	-63.821171
4102.075195	-63.112896
4112.841797	-62.027222
4123.608398	-61.657101
4134.375000	-61.457664
4145.141602	-62.144951
4155.908203	-62.612640
4166.674805	-62.387466
4177.441406	-62.027130
4188.208008	-62.191887
4198.974609	-62.828438
4209.741211	-62.799492
4220.507812	-62.615768
4231.274414	-63.162048
4242.041016	-63.096722
4252.807617	-62.906635
4263.574219	-63.558064
4274.340820	-63.168785
4285.107422	-62.867725
4295.874023	-62.271076
4306.640625	-62.591545
4317.407227	-62.039814
4328.173828	-63.568836
4338.940430	-64.538589
4349.707031	-63.766563
4360.473633	-63.045040
4371.240234	-62.473949
4382.006836	-62.693665
4392.773438	-62.673664
4403.540039	-61.921337
4414.306641	-62.333675
4425.073242	-63.580463
4435.839844	-63.171509
4446.606445	-62.708652
4457.373047	-63.223583
4468.139648	-63.433548
4478.906250	-61.661285
4489.672852	-62.171227
4500.439453	-62.439823
4511.206055	-62.276939
4521.972656	-62.194393
4532.739258	-61.472195
4543.505859	-62.708817
4554.272461	-63.400932
4565.039062	-62.230267
4575.805664	-61.692482
4586.572266	-62.155678
4597.338867	-62.456776
4608.105469	-62.781265
4618.872070	-62.322105
4629.638672	-62.842934
4640.405273	-63.551151
4651.171875	-63.245659
4661.938477	-62.448227
4672.705078	-61.515938
4683.471680	-60.979935
4694.238281	-60.955803
4705.004883	-61.334030
4715.771484	-61.055897
4726.538086	-61.087376
4737.304688	-60.735695
4748.071289	-61.240841
4758.837891	-59.105167
4769.604492	-58.465576
4780.371094	-59.025677
4791.137695	-60.112625
4801.904297	-60.364960
4812.670898	-60.577904
4823.437500	-60.676758
4834.204102	-59.995304
4844.970703	-59.498577
4855.737305	-59.798309
4866.503906	-60.715019
4877.270508	-61.320530
4888.037109	-61.510254
4898.803711	-61.714088
4909.570312	-60.693089
4920.336914	-61.304722
4931.103516	-61.868332
4941.870117	-61.437881
4952.636719	-61.717697
4963.403320	-63.787861
4974.169922	-63.209919
4984.936523	-63.377972
4995.703125	-63.255867
5006.469727	-63.273716
5017.236328	-63.776142
5028.002930	-62.872223
5038.769531	-62.757858
5049.536133	-62.505867
5060.302734	-62.664326
5071.069336	-62.981926
5081.835938	-63.663860
5092.602539	-63.579868
5103.369141	-63.614819
5114.135742	-64.255547
5124.902344	-64.764435
5135.668945	-65.178062
5146.435547	-63.929832
5157.202148	-63.409077
5167.968750	-63.583809
5178.735352	-64.247246
5189.501953	-65.530960
5200.268555	-65.158699
5211.035156	-65.009117
5221.801758	-65.465355
5232.568359	-65.983498
5243.334961	-66.093719
5254.101562	-65.865669
5264.868164	-66.619118
5275.634766	-66.789650
5286.401367	-66.269135
5297.167969	-66.967278
5307.934570	-66.732819
5318.701172	-66.696785
5329.467773	-66.858437
5340.234375	-66.380699
5351.000977	-65.882088
5361.767578	-65.917442
5372.534180	-66.164818
5383.300781	-66.008316
5394.067383	-66.133659
5404.833984	-66.043915
5415.600586	-65.717400
5426.367188	-66.150322
5437.133789	-66.742386
5447.900391	-66.959412
5458.666992	-66.074837
5469.433594	-65.156578
5480.200195	-64.962349
5490.966797	-65.724045
5501.733398	-65.606506
5512.500000	-65.182556
5523.266602	-65.001915
5534.033203	-64.767395
5544.799805	-64.273476
5555.566406	-63.550869
5566.333008	-63.394314
5577.099609	-63.735500
5587.866211	-63.000187
5598.632812	-63.020718
5609.399414	-63.094311
5620.166016	-63.180687
5630.932617	-63.951187
5641.699219	-63.655144
5652.465820	-63.750629
5663.232422	-62.827526
5673.999023	-61.824951
5684.765625	-61.885071
5695.532227	-62.200466
5706.298828	-61.914677
5717.065430	-62.366974
5727.832031	-62.411945
5738.598633	-62.323864
5749.365234	-62.771126
5760.131836	-64.134293
5770.898438	-63.807381
5781.665039	-63.605686
5792.431641	-64.688446
5803.198242	-64.071190
5813.964844	-63.928391
5824.731445	-64.201736
5835.498047	-63.974670
5846.264648	-63.972080
5857.031250	-64.530899
5867.797852	-64.870010
5878.564453	-64.334641
5889.331055	-64.182449
5900.097656	-64.228317
5910.864258	-64.001396
5921.630859	-64.704781
5932.397461	-65.511459
5943.164062	-65.113770
5953.930664	-64.853127
5964.697266	-65.255394
5975.463867	-65.695236
5986.230469	-65.322990
5996.997070	-65.959839
6007.763672	-65.278175
6018.530273	-64.903870
6029.296875	-66.857811
6040.063477	-67.668190
6050.830078	-67.492630
6061.596680	-66.143616
6072.363281	-65.531219
6083.129883	-65.796333
6093.896484	-66.117683
6104.663086	-66.769691
6115.429688	-67.739296
6126.196289	-67.424561
6136.962891	-67.222954
6147.729492	-67.168549
6158.496094	-67.187035
6169.262695	-67.241074
6180.029297	-67.085838
6190.795898	-66.776642
6201.562500	-66.199318
6212.329102	-66.719658
6223.095703	-66.794304
6233.862305	-66.850441
6244.628906	-67.730606
6255.395508	-67.920967
6266.162109	-67.869705
6276.928711	-67.753197
6287.695312	-68.099480
6298.461914	-67.710854
6309.228516	-67.732872
6319.995117	-67.508720
6330.761719	-67.134804
6341.528320	-66.718262
6352.294922	-66.559540
6363.061523	-67.079582
6373.828125	-67.407951
6384.594727	-67.015045
6395.361328	-66.322540
6406.127930	-66.216316
6416.894531	-66.417099
6427.661133	-66.844894
6438.427734	-66.870728
6449.194336	-66.970078
6459.960938	-66.859848
6470.727539	-67.893700
6481.494141	-67.763260
6492.260742	-67.403976
6503.027344	-66.514931
6513.793945	-66.649803
6524.560547	-67.058243
6535.327148	-67.617767
6546.093750	-67.821976
6556.860352	-68.009331
6567.626953	-68.187126
6578.393555	-66.677254
6589.160156	-67.187653
6599.926758	-67.996994
6610.693359	-68.109291
6621.459961	-67.754608
6632.226562	-67.386993
6642.993164	-67.202072
6653.759766	-66.936134
6664.526367	-66.446190
6675.292969	-66.711617
6686.059570	-65.962212
6696.826172	-64.713257
6707.592773	-63.643288
6718.359375	-64.439751
6729.125977	-65.652718
6739.892578	-65.684708
6750.659180	-65.174156
6761.425781	-65.171761
6772.192383	-65.028671
6782.958984	-64.749840
6793.725586	-65.150917
6804.492188	-65.063446
6815.258789	-65.389397
6826.025391	-65.655556
6836.791992	-67.069595
6847.558594	-66.352997
6858.325195	-65.716278
6869.091797	-66.222855
6879.858398	-65.324463
6890.625000	-65.992157
6901.391602	-65.444595
6912.158203	-65.809486
6922.924805	-66.336555
6933.691406	-66.005104
6944.458008	-65.830742
6955.224609	-65.627029
6965.991211	-66.219948
6976.757812	-66.089088
6987.524414	-65.707550
6998.291016	-65.413780
7009.057617	-64.961273
7019.824219	-65.772034
7030.590820	-67.212006
7041.357422	-66.905304
7052.124023	-66.033081
7062.890625	-66.786560
7073.657227	-66.480621
7084.423828	-66.907967
7095.190430	-67.443604
7105.957031	-66.354790
7116.723633	-65.790901
7127.490234	-65.899696
7138.256836	-66.729240
7149.023438	-66.493599
7159.790039	-65.663063
7170.556641	-66.434372
7181.323242	-66.345276
7192.089844	-66.703651
7202.856445	-67.570061
7213.623047	-66.641380
7224.389648	-65.360611
7235.156250	-65.111458
7245.922852	-65.345955
7256.689453	-64.538910
7267.456055	-63.282337
7278.222656	-62.581028
7288.989258	-63.395649
7299.755859	-65.502022
7310.522461	-65.867683
7321.289062	-65.634476
7332.055664	-66.322266
7342.822266	-66.971260
7353.588867	-66.238770
7364.355469	-64.543892
7375.122070	-62.958515
7385.888672	-63.095871
7396.655273	-64.898659
7407.421875	-65.024551
7418.188477	-64.591339
7428.955078	-64.850357
7439.721680	-65.800720
7450.488281	-66.410324
7461.254883	-66.602982
7472.021484	-67.291954
7482.788086	-65.014305
7493.554688	-64.779556
7504.321289	-66.721031
7515.087891	-65.486687
7525.854492	-65.392433
7536.621094	-65.948502
7547.387695	-68.168846
7558.154297	-67.589485
7568.920898	-66.728073
7579.687500	-66.509369
7590.454102	-66.839432
7601.220703	-67.584999
7611.987305	-66.444023
7622.753906	-65.364815
7633.520508	-65.339317
7644.287109	-65.491776
7655.053711	-65.347595
7665.820312	-64.573715
7676.586914	-65.136627
7687.353516	-67.099266
7698.120117	-65.980721
7708.886719	-62.975113
7719.653320	-63.487026
7730.419922	-65.845940
7741.186523	-65.989403
7751.953125	-64.897995
7762.719727	-66.346420
7773.486328	-68.361450
7784.252930	-67.333725
7795.019531	-67.074799
7805.786133	-66.932709
7816.552734	-67.077980
7827.319336	-67.000183
7838.085938	-65.998177
7848.852539	-65.281891
7859.619141	-64.574936
7870.385742	-64.667572
7881.152344	-65.135330
7891.918945	-64.576302
7902.685547	-63.184322
7913.452148	-61.663536
7924.218750	-62.057224
7934.985352	-63.339851
7945.751953	-63.385406
7956.518555	-63.651264
7967.285156	-63.845562
7978.051758	-63.575081
7988.818359	-62.430260
7999.584961	-62.147942
8010.351562	-62.436302
8021.118164	-63.574242
8031.884766	-64.424782
8042.651367	-63.917538
8053.417969	-64.348083
8064.184570	-64.527565
8074.951172	-64.133965
8085.717773	-64.610680
8096.484375	-64.355507
8107.250977	-61.056499
8118.017578	-60.704109
8128.784180	-63.370445
8139.550781	-64.579750
8150.317383	-62.044724
8161.083984	-61.092392
8171.850586	-61.113876
8182.617188	-62.107677
8193.383789	-62.024487
8204.150391	-60.963959
8214.916992	-60.613293
8225.683594	-64.545456
8236.450195	-65.167778
8247.216797	-63.396011
8257.983398	-60.324028
8268.750000	-59.838116
8279.516602	-62.022594
8290.283203	-62.091209
8301.049805	-61.890350
8311.816406	-61.622776
8322.583008	-61.412167
8333.349609	-61.596157
8344.116211	-62.047104
8354.882812	-62.344467
8365.649414	-62.444717
8376.416016	-62.757153
8387.182617	-63.992569
8397.949219	-63.620117
8408.715820	-63.014278
8419.482422	-61.306587
8430.249023	-59.459717
8441.015625	-59.309025
8451.782227	-60.501759
8462.548828	-60.613907
8473.315430	-59.742771
8484.082031	-60.046200
8494.848633	-63.508812
8505.615234	-63.091915
8516.381836	-60.567219
8527.148438	-61.091148
8537.915039	-63.670067
8548.681641	-62.874775
8559.448242	-62.189072
8570.214844	-60.727905
8580.981445	-60.970703
8591.748047	-62.933918
8602.514648	-61.852146
8613.281250	-62.238640
8624.047852	-63.039211
8634.814453	-61.994942
8645.581055	-60.682873
8656.347656	-61.782867
8667.114258	-64.397736
8677.880859	-63.573975
8688.647461	-62.767338
8699.414062	-63.054367
8710.180664	-63.661972
8720.947266	-62.887257
8731.713867	-62.186119
8742.480469	-62.993114
8753.247070	-63.427467
8764.013672	-62.287338
8774.780273	-64.124634
8785.546875	-64.135902
8796.313477	-62.104237
8807.080078	-59.400379
8817.846680	-60.778439
8828.613281	-65.044930
8839.379883	-65.112221
8850.146484	-65.821426
8860.913086	-65.361229
8871.679688	-67.211937
8882.446289	-68.178444
8893.212891	-67.809120
8903.979492	-66.687775
8914.746094	-66.147751
8925.512695	-65.060173
8936.279297	-65.229332
8947.045898	-66.712753
8957.812500	-66.248184
8968.579102	-66.535225
8979.345703	-65.832397
8990.112305	-64.909645
9000.878906	-65.690239
9011.645508	-66.250923
9022.412109	-63.851807
9033.178711	-64.757187
9043.945312	-66.462212
9054.711914	-66.486259
9065.478516	-64.437828
9076.245117	-63.257000
9087.011719	-64.055534
9097.778320	-64.171585
9108.544922	-64.297951
9119.311523	-64.540535
9130.078125	-66.008667
9140.844727	-63.591316
9151.611328	-61.480888
9162.377930	-60.738037
9173.144531	-62.305855
9183.911133	-63.250160
9194.677734	-62.826962
9205.444336	-63.130573
9216.210938	-64.635391
9226.977539	-63.937771
9237.744141	-64.340317
9248.510742	-64.593018
9259.277344	-65.786446
9270.043945	-66.404327
9280.810547	-64.574120
9291.577148	-64.421844
9302.343750	-65.300377
9313.110352	-63.622448
9323.876953	-62.409103
9334.643555	-62.669407
9345.410156	-63.389160
9356.176758	-63.783470
9366.943359	-63.977940
9377.709961	-65.249863
9388.476562	-65.196915
9399.243164	-64.641350
9410.009766	-63.333935
9420.776367	-63.213367
9431.542969	-63.634682
9442.309570	-62.965996
9453.076172	-63.441414
9463.842773	-62.518326
9474.609375	-62.975422
9485.375977	-62.970608
9496.142578	-62.621532
9506.909180	-62.039486
9517.675781	-60.600849
9528.442383	-61.911720
9539.208984	-63.441776
9549.975586	-62.167213
9560.742188	-63.685860
9571.508789	-63.676502
9582.275391	-63.397404
9593.041992	-63.615208
9603.808594	-64.497467
9614.575195	-65.315353
9625.341797	-64.737808
9636.108398	-63.810974
9646.875000	-63.609455
9657.641602	-64.210724
9668.408203	-62.932270
9679.174805	-63.028450
9689.941406	-63.616665
9700.708008	-64.029549
9711.474609	-64.409470
9722.241211	-66.280678
9733.007812	-65.638054
9743.774414	-65.936150
9754.541016	-65.036163
9765.307617	-64.843475
9776.074219	-66.167328
9786.840820	-67.118698
9797.607422	-67.456520
9808.374023	-67.357231
9819.140625	-66.573303
9829.907227	-65.257851
9840.673828	-65.352493
9851.440430	-64.430542
9862.207031	-63.917957
9872.973633	-64.155792
9883.740234	-65.432892
9894.506836	-67.288406
9905.273438	-66.056679
9916.040039	-66.389000
9926.806641	-68.063171
9937.573242	-67.452385
9948.339844	-66.840988
9959.106445	-66.224426
9969.873047	-66.960701
9980.639648	-66.845253
9991.406250	-66.386688
10002.172852	-65.755089
10012.939453	-67.917297
10023.706055	-66.720245
10034.472656	-66.609612
10045.239258	-67.806786
10056.005859	-66.513252
10066.772461	-64.944893
10077.539062	-66.367203
10088.305664	-67.712173
10099.072266	-68.726280
10109.838867	-66.535461
10120.605469	-65.473488
10131.372070	-66.715050
10142.138672	-68.530716
10152.905273	-67.693260
10163.671875	-69.286163
10174.438477	-68.919106
10185.205078	-69.075882
10195.971680	-68.266838
10206.738281	-67.072395
10217.504883	-67.298813
10228.271484	-69.101898
10239.038086	-69.213821
10249.804688	-68.750755
10260.571289	-68.451065
10271.337891	-67.503082
10282.104492	-66.059441
10292.871094	-67.011719
10303.637695	-67.614433
10314.404297	-66.446144
10325.170898	-66.749168
10335.937500	-66.592484
10346.704102	-66.564812
10357.470703	-66.320343
10368.237305	-66.186607
10379.003906	-65.557793
10389.770508	-65.959244
10400.537109	-67.745483
10411.303711	-68.292252
10422.070312	-67.201019
10432.836914	-67.726799
10443.603516	-66.817459
10454.370117	-67.161629
10465.136719	-68.781380
10475.903320	-69.726852
10486.669922	-67.564880
10497.436523	-67.482986
10508.203125	-66.714798
10518.969727	-66.574753
10529.736328	-67.793472
10540.502930	-68.042717
10551.269531	-68.277710
10562.036133	-67.710464
10572.802734	-65.673485
10583.569336	-66.271774
10594.335938	-68.979897
10605.102539	-69.678322
10615.869141	-68.964165
10626.635742	-68.186966
10637.402344	-66.663780
10648.168945	-67.908211
10658.935547	-70.352348
10669.702148	-69.097366
10680.468750	-67.313728
10691.235352	-67.721008
10702.001953	-68.473442
10712.768555	-67.682503
10723.535156	-68.439873
10734.301758	-68.607452
10745.068359	-69.334267
10755.834961	-70.431313
10766.601562	-70.650497
10777.368164	-71.033104
10788.134766	-70.231857
10798.901367	-70.494514
10809.667969	-71.147934
10820.434570	-72.033806
10831.201172	-71.648758
10841.967773	-71.479988
10852.734375	-71.657288
10863.500977	-70.301926
10874.267578	-72.386848
10885.034180	-73.668915
10895.800781	-74.094322
10906.567383	-72.940002
10917.333984	-72.245880
10928.100586	-72.218208
10938.867188	-71.473747
10949.633789	-70.083549
10960.400391	-68.695961
10971.166992	-69.182739
10981.933594	-70.885178
10992.700195	-70.979958
11003.466797	-71.337395
11014.233398	-71.155739
11025.000000	-69.480247
11035.766602	-68.629005
11046.533203	-68.498749
11057.299805	-67.630608
11068.066406	-67.622505
11078.833008	-68.455994
11089.599609	-68.590996
11100.366211	-69.640190
11111.132812	-71.669815
11121.899414	-70.572678
11132.666016	-70.086647
11143.432617	-71.697540
11154.199219	-71.572701
11164.965820	-71.982841
11175.732422	-68.579529
11186.499023	-68.196274
11197.265625	-71.542656
11208.032227	-71.938393
11218.798828	-71.407784
11229.565430	-73.098274
11240.332031	-74.262871
11251.098633	-74.294022
11261.865234	-73.759308
11272.631836	-73.421539
11283.398438	-74.210503
11294.165039	-73.184364
11304.931641	-72.496094
11315.698242	-72.474762
11326.464844	-72.682892
11337.231445	-72.069077
11347.998047	-71.630608
11358.764648	-72.235107
11369.531250	-71.035980
11380.297852	-71.111908
11391.064453	-71.397453
11401.831055	-69.079117
11412.597656	-69.494431
11423.364258	-68.337952
11434.130859	-68.707108
11444.897461	-70.572327
11455.664062	-70.742233
11466.430664	-70.048157
11477.197266	-71.148125
11487.963867	-70.945435
11498.730469	-70.973648
11509.497070	-70.603653
11520.263672	-71.115486
11531.030273	-71.054230
11541.796875	-69.717270
11552.563477	-69.659660
11563.330078	-70.999283
11574.096680	-70.740623
11584.863281	-72.422760
11595.629883	-72.826584
11606.396484	-71.932999
11617.163086	-70.972870
11627.929688	-69.959938
11638.696289	-70.100670
11649.462891	-69.809418
11660.229492	-68.883720
11670.996094	-69.432594
11681.762695	-69.952446
11692.529297	-68.996712
11703.295898	-68.887039
11714.062500	-70.177597
11724.829102	-71.276009
11735.595703	-71.039505
11746.362305	-70.386993
11757.128906	-70.288956
11767.895508	-69.641129
11778.662109	-70.260017
11789.428711	-71.815468
11800.195312	-72.195473
11810.961914	-70.073517
11821.728516	-70.013062
11832.495117	-71.351746
11843.261719	-71.365273
11854.028320	-70.661972
11864.794922	-70.655205
11875.561523	-70.446144
11886.328125	-70.425194
11897.094727	-71.241150
11907.861328	-72.093689
11918.627930	-71.776474
11929.394531	-71.418701
11940.161133	-71.399933
11950.927734	-71.616287
11961.694336	-71.121902
11972.460938	-71.438583
11983.227539	-70.827202
11993.994141	-71.359947
12004.760742	-72.413986
12015.527344	-72.835762
12026.293945	-73.522369
12037.060547	-73.714821
12047.827148	-73.260056
12058.593750	-74.126129
12069.360352	-73.507454
12080.126953	-72.167107
12090.893555	-70.238708
12101.660156	-70.453926
12112.426758	-72.185310
12123.193359	-72.087723
12133.959961	-73.143867
12144.726562	-73.827713
12155.493164	-74.895370
12166.259766	-74.017891
12177.026367	-73.999992
12187.792969	-74.085403
12198.559570	-73.272820
12209.326172	-72.950905
12220.092773	-72.710777
12230.859375	-73.296310
12241.625977	-74.950806
12252.392578	-75.420486
12263.159180	-75.823029
12273.925781	-74.926178
12284.692383	-75.360298
12295.458984	-75.817749
12306.225586	-75.456017
12316.992188	-74.264305
12327.758789	-74.224045
12338.525391	-74.103935
12349.291992	-74.360222
12360.058594	-75.077530
12370.825195	-73.682220
12381.591797	-72.885979
12392.358398	-73.246323
12403.125000	-72.445328
12413.891602	-73.245918
12424.658203	-74.867035
12435.424805	-73.836014
12446.191406	-73.231850
12456.958008	-73.823692
12467.724609	-72.935532
12478.491211	-73.154915
12489.257812	-75.139305
12500.024414	-74.947830
12510.791016	-75.447105
12521.557617	-74.378632
12532.324219	-73.305054
12543.090820	-75.714752
12553.857422	-74.745499
12564.624023	-73.772781
12575.390625	-73.265732
12586.157227	-73.701950
12596.923828	-74.785271
12607.690430	-75.960220
12618.457031	-75.622772
12629.223633	-75.050247
12639.990234	-74.777077
12650.756836	-74.143913
12661.523438	-75.480721
12672.290039	-76.217209
12683.056641	-76.569107
12693.823242	-76.313797
12704.589844	-75.544525
12715.356445	-73.805092
12726.123047	-73.179611
12736.889648	-73.537834
12747.656250	-74.222824
12758.422852	-75.061005
12769.189453	-75.670860
12779.956055	-76.598503
12790.722656	-76.033836
12801.489258	-74.337608
12812.255859	-74.313377
12823.022461	-74.616348
12833.789062	-74.896645
12844.555664	-75.535629
12855.322266	-76.151428
12866.088867	-76.577141
12876.855469	-76.263412
12887.622070	-76.485405
12898.388672	-77.284988
12909.155273	-76.167725
12919.921875	-74.996376
12930.688477	-74.370377
12941.455078	-75.152214
12952.221680	-76.318451
12962.988281	-75.247040
12973.754883	-74.717728
12984.521484	-74.790428
12995.288086	-76.702545
13006.054688	-76.114647
13016.821289	-76.649384
13027.587891	-77.234848
13038.354492	-76.758499
13049.121094	-77.812271
13059.887695	-77.993683
13070.654297	-77.316696
13081.420898	-77.260437
13092.187500	-77.340805
13102.954102	-77.110893
13113.720703	-76.054031
13124.487305	-75.895737
13135.253906	-76.709190
13146.020508	-77.280540
13156.787109	-77.165977
13167.553711	-77.475807
13178.320312	-78.010460
13189.086914	-78.834511
13199.853516	-79.614212
13210.620117	-79.541458
13221.386719	-79.410339
13232.153320	-78.769951
13242.919922	-77.373390
13253.686523	-76.382111
13264.453125	-76.594055
13275.219727	-76.924316
13285.986328	-76.559982
13296.752930	-76.553246
13307.519531	-78.002426
13318.286133	-79.040985
13329.052734	-77.119408
13339.819336	-76.708893
13350.585938	-77.127487
13361.352539	-77.332962
13372.119141	-77.511147
13382.885742	-77.451416
13393.652344	-77.241722
13404.418945	-77.660225
13415.185547	-78.344093
13425.952148	-78.662933
13436.718750	-78.508232
13447.485352	-79.211754
13458.251953	-78.757668
13469.018555	-77.976295
13479.785156	-77.838852
13490.551758	-77.531334
13501.318359	-77.541122
13512.084961	-78.979713
13522.851562	-79.145538
13533.618164	-79.220657
13544.384766	-78.982803
13555.151367	-79.207596
13565.917969	-79.495117
13576.684570	-79.534225
13587.451172	-78.641685
13598.217773	-78.439499
13608.984375	-78.172646
13619.750977	-77.639503
13630.517578	-78.040962
13641.284180	-78.851341
13652.050781	-79.696152
13662.817383	-79.676964
13673.583984	-79.312828
13684.350586	-78.782684
13695.117188	-78.056038
13705.883789	-77.568115
13716.650391	-76.717690
13727.416992	-76.339607
13738.183594	-76.414291
13748.950195	-77.307945
13759.716797	-78.496719
13770.483398	-79.770073
13781.250000	-79.137848
13792.016602	-78.950226
13802.783203	-78.821434
13813.549805	-78.421776
13824.316406	-78.782814
13835.083008	-77.968636
13845.849609	-77.781036
13856.616211	-78.925880
13867.382812	-78.430519
13878.149414	-78.068581
13888.916016	-77.759583
13899.682617	-79.004425
13910.449219	-78.885628
13921.215820	-78.687782
13931.982422	-78.920555
13942.749023	-78.612587
13953.515625	-79.456474
13964.282227	-78.551903
13975.048828	-78.734482
13985.815430	-79.186600
13996.582031	-79.377258
14007.348633	-78.227501
14018.115234	-78.275925
14028.881836	-78.373543
14039.648438	-78.894043
14050.415039	-79.878754
14061.181641	-79.377876
14071.948242	-79.392578
14082.714844	-78.862434
14093.481445	-78.504890
14104.248047	-78.578918
14115.014648	-78.633797
14125.781250	-78.646790
14136.547852	-78.910088
14147.314453	-78.852417
14158.081055	-78.496429
14168.847656	-78.340233
14179.614258	-79.172318
14190.380859	-79.101768
14201.147461	-79.683693
14211.914062	-80.811684
14222.680664	-79.268608
14233.447266	-78.999481
14244.213867	-79.901474
14254.980469	-78.668709
14265.747070	-78.828575
14276.513672	-79.124161
14287.280273	-79.191513
14298.046875	-79.850151
14308.813477	-79.858299
14319.580078	-80.156517
14330.346680	-80.311760
14341.113281	-79.151878
14351.879883	-78.957893
14362.646484	-79.258934
14373.413086	-79.563774
14384.179688	-80.354599
14394.946289	-81.223068
14405.712891	-81.238541
14416.479492	-79.997749
14427.246094	-79.569687
14438.012695	-80.830017
14448.779297	-80.805504
14459.545898	-80.324623
14470.312500	-80.140800
14481.079102	-80.474655
14491.845703	-81.407227
14502.612305	-81.049759
14513.378906	-80.616531
14524.145508	-81.032684
14534.912109	-81.039017
14545.678711	-81.781441
14556.445312	-81.905716
14567.211914	-80.996132
14577.978516	-81.310196
14588.745117	-79.811867
14599.511719	-78.977814
14610.278320	-79.615189
14621.044922	-80.381828
14631.811523	-80.705788
14642.578125	-80.828873
14653.344727	-80.759277
14664.111328	-81.776474
14674.877930	-81.086121
14685.644531	-81.067856
14696.411133	-81.486290
14707.177734	-81.609749
14717.944336	-81.682373
14728.710938	-81.543518
14739.477539	-80.768440
14750.244141	-79.775230
14761.010742	-79.302582
14771.777344	-79.746544
14782.543945	-80.514748
14793.310547	-81.829605
14804.077148	-82.479843
14814.843750	-81.734215
14825.610352	-81.676216
14836.376953	-82.306290
14847.143555	-82.742973
14857.910156	-82.682976
14868.676758	-83.327812
14879.443359	-83.392914
14890.209961	-83.688057
14900.976562	-84.235764
14911.743164	-84.106773
14922.509766	-82.906670
14933.276367	-83.224174
14944.042969	-83.674118
14954.809570	-82.580811
14965.576172	-82.560989
14976.342773	-82.906120
14987.109375	-82.940109
14997.875977	-81.790260
15008.642578	-82.547348
15019.409180	-83.838043
15030.175781	-83.669571
15040.942383	-84.228630
15051.708984	-83.987564
15062.475586	-84.136536
15073.242188	-84.314255
15084.008789	-84.163719
15094.775391	-84.628319
15105.541992	-84.715950
15116.308594	-84.292152
15127.075195	-84.069710
15137.841797	-83.679222
15148.608398	-83.639015
15159.375000	-84.126335
15170.141602	-84.358459
15180.908203	-84.369148
15191.674805	-85.091354
15202.441406	-85.612831
15213.208008	-84.771149
15223.974609	-83.780792
15234.741211	-83.800301
15245.507812	-83.354378
15256.274414	-84.594376
15267.041016	-84.290619
15277.807617	-83.505882
15288.574219	-83.561066
15299.340820	-82.950836
15310.107422	-83.074669
15320.874023	-83.344810
15331.640625	-83.839821
15342.407227	-84.594727
15353.173828	-84.826950
15363.940430	-84.753578
15374.707031	-84.840027
15385.473633	-84.923264
15396.240234	-84.985626
15407.006836	-85.625420
15417.773438	-85.974815
15428.540039	-85.607796
15439.306641	-85.806885
15450.073242	-85.399895
15460.839844	-85.273033
15471.606445	-85.003036
15482.373047	-84.509956
15493.139648	-84.314453
15503.906250	-84.866577
15514.672852	-85.088753
15525.439453	-85.622459
15536.206055	-86.222534
15546.972656	-86.191895
15557.739258	-86.095581
15568.505859	-86.696457
15579.272461	-87.108070
15590.039062	-86.945900
15600.805664	-86.907700
15611.572266	-86.412720
15622.338867	-86.460373
15633.105469	-86.607117
15643.872070	-86.281425
15654.638672	-86.040604
15665.405273	-86.471443
15676.171875	-87.389946
15686.938477	-88.741768
15697.705078	-88.511406
15708.471680	-87.971680
15719.238281	-87.404533
15730.004883	-87.448280
15740.771484	-87.751556
15751.538086	-87.716820
15762.304688	-89.164246
15773.071289	-89.903870
15783.837891	-90.587715
15794.604492	-91.457977
15805.371094	-90.568642
15816.137695	-89.223915
15826.904297	-88.315163
15837.670898	-88.857239
15848.437500	-89.938324
15859.204102	-90.003227
15869.970703	-90.740944
15880.737305	-90.291718
15891.503906	-90.308342
15902.270508	-90.673027
15913.037109	-90.439117
15923.803711	-89.150055
15934.570312	-88.962402
15945.336914	-90.469620
15956.103516	-91.327248
15966.870117	-89.737465
15977.636719	-89.236732
15988.403320	-89.130814
15999.169922	-89.649345
16009.936523	-90.051468
16020.703125	-90.550499
16031.469727	-91.548416
16042.236328	-90.708878
16053.002930	-89.592903
16063.769531	-88.706177
16074.536133	-90.647583
16085.302734	-92.007393
16096.069336	-90.681030
16106.835938	-90.502449
16117.602539	-85.795311
16128.369141	-86.539978
16139.135742	-89.859879
16149.902344	-89.096710
16160.668945	-90.336784
16171.435547	-91.502319
16182.202148	-91.258469
16192.968750	-90.041435
16203.735352	-89.716988
16214.501953	-90.091080
16225.268555	-89.140968
16236.035156	-90.121849
16246.801758	-90.183800
16257.568359	-90.339867
16268.334961	-89.956062
16279.101562	-89.706665
16289.868164	-90.848785
16300.634766	-92.220535
16311.401367	-93.614838
16322.167969	-92.432266
16332.934570	-90.639465
16343.701172	-89.774551
16354.467773	-89.769333
16365.234375	-89.593460
16376.000977	-89.415031
16386.767578	-88.984352
16397.534180	-90.200783
16408.300781	-89.568741
16419.067383	-90.068565
16429.833984	-92.865303
16440.600586	-92.023582
16451.367188	-91.057343
16462.133789	-90.469368
16472.900391	-90.633835
16483.666992	-90.270943
16494.433594	-89.879196
16505.200195	-89.893822
16515.966797	-90.067543
16526.733398	-91.834236
16537.500000	-90.637894
16548.266602	-89.665718
16559.033203	-90.065475
16569.799805	-89.324219
16580.566406	-89.770287
16591.333008	-91.197029
16602.099609	-90.539726
16612.866211	-90.445229
16623.632812	-91.427856
16634.399414	-90.236740
16645.166016	-89.630051
16655.932617	-89.329269
16666.699219	-89.028496
16677.465820	-90.591492
16688.232422	-90.414597
16698.999023	-90.855057
16709.765625	-90.274376
16720.532227	-90.295013
16731.298828	-89.905853
16742.065430	-90.034241
16752.832031	-89.551796
16763.598633	-90.063553
16774.365234	-91.097008
16785.131836	-91.368584
16795.898438	-90.115540
16806.665039	-89.932884
16817.431641	-89.882629
16828.198242	-91.205772
16838.964844	-91.222046
16849.731445	-90.940102
16860.498047	-91.188667
16871.264648	-91.104279
16882.031250	-90.380058
16892.797852	-89.749229
16903.564453	-90.255402
16914.331055	-91.013824
16925.097656	-90.635841
16935.864258	-91.088860
16946.630859	-90.679916
16957.397461	-90.734627
16968.164062	-91.547913
16978.930664	-92.240273
16989.697266	-90.918716
17000.463867	-90.744446
17011.230469	-90.578812
17021.997070	-90.459091
17032.763672	-90.846687
17043.530273	-90.951942
17054.296875	-91.475609
17065.063477	-91.437859
17075.830078	-89.948875
17086.596680	-90.183411
17097.363281	-91.105057
17108.129883	-92.158394
17118.896484	-91.756042
17129.663086	-90.588219
17140.429688	-90.924103
17151.196289	-91.599358
17161.962891	-92.138298
17172.729492	-90.947411
17183.496094	-91.101746
17194.262695	-91.247368
17205.029297	-91.101357
17215.795898	-91.099594
17226.562500	-91.431511
17237.329102	-89.874863
17248.095703	-90.134918
17258.862305	-92.322266
17269.628906	-91.793442
17280.395508	-91.165993
17291.162109	-92.134117
17301.928711	-92.018021
17312.695312	-90.967239
17323.461914	-90.165108
17334.228516	-90.632347
17344.995117	-91.211845
17355.761719	-91.636520
17366.528320	-91.104317
17377.294922	-91.264305
17388.061523	-90.039268
17398.828125	-90.867401
17409.594727	-91.201126
17420.361328	-91.462631
17431.127930	-91.497787
17441.894531	-90.913765
17452.661133	-90.500542
17463.427734	-90.081627
17474.194336	-89.553703
17484.960938	-90.848511
17495.727539	-91.412621
17506.494141	-91.672974
17517.260742	-91.067184
17528.027344	-91.520996
17538.793945	-92.334755
17549.560547	-92.545891
17560.327148	-91.878922
17571.093750	-92.134697
17581.860352	-91.146950
17592.626953	-91.096550
17603.393555	-91.505898
17614.160156	-92.547752
17624.926758	-92.544113
17635.693359	-92.388557
17646.459961	-92.265808
17657.226562	-91.708649
17667.993164	-90.303825
17678.759766	-91.483719
17689.526367	-91.941254
17700.292969	-91.035507
17711.059570	-91.170448
17721.826172	-90.243782
17732.592773	-90.905716
17743.359375	-91.241272
17754.125977	-91.425674
17764.892578	-91.467064
17775.659180	-91.339500
17786.425781	-90.458519
17797.192383	-90.677063
17807.958984	-91.115646
17818.725586	-91.736916
17829.492188	-92.408325
17840.258789	-92.618980
17851.025391	-92.653915
17861.791992	-90.991089
17872.558594	-89.819534
17883.325195	-90.203499
17894.091797	-91.307137
17904.858398	-91.853752
17915.625000	-92.810783
17926.391602	-92.089157
17937.158203	-91.229553
17947.924805	-90.606544
17958.691406	-90.644073
17969.458008	-91.916046
17980.224609	-90.858788
17990.991211	-91.582794
18001.757812	-92.788689
18012.524414	-91.506378
18023.291016	-91.244591
18034.057617	-91.915581
18044.824219	-91.206841
18055.590820	-91.623680
18066.357422	-93.028542
18077.124023	-92.247993
18087.890625	-91.140633
18098.657227	-91.205276
18109.423828	-92.179169
18120.190430	-92.287018
18130.957031	-91.769867
18141.723633	-91.579659
18152.490234	-92.433250
18163.256836	-92.936829
18174.023438	-91.973618
18184.790039	-91.985786
18195.556641	-92.045021
18206.323242	-92.194069
18217.089844	-90.332848
18227.856445	-90.428398
18238.623047	-91.667709
18249.389648	-91.338875
18260.156250	-91.683868
18270.922852	-91.974098
18281.689453	-92.037598
18292.456055	-92.277061
18303.222656	-92.389923
18313.989258	-90.756546
18324.755859	-91.048843
18335.522461	-91.181526
18346.289062	-91.273582
18357.055664	-92.101494
18367.822266	-91.767052
18378.588867	-91.612022
18389.355469	-93.007301
18400.122070	-93.219185
18410.888672	-92.882698
18421.655273	-92.895477
18432.421875	-92.245697
18443.188477	-92.781998
18453.955078	-93.498550
18464.721680	-92.644707
18475.488281	-90.988503
18486.254883	-91.291725
18497.021484	-91.685577
18507.788086	-91.670303
18518.554688	-92.687904
18529.321289	-92.525337
18540.087891	-92.270172
18550.854492	-92.571686
18561.621094	-93.035873
18572.387695	-93.659897
18583.154297	-92.289108
18593.920898	-91.764717
18604.687500	-92.701134
18615.454102	-92.110237
18626.220703	-91.537285
18636.987305	-92.017586
18647.753906	-92.785065
18658.520508	-92.478600
18669.287109	-93.055672
18680.053711	-93.156242
18690.820312	-92.187904
18701.586914	-92.799042
18712.353516	-92.510742
18723.120117	-93.058609
18733.886719	-93.165627
18744.653320	-91.981453
18755.419922	-91.725212
18766.186523	-92.723572
18776.953125	-92.487648
18787.719727	-93.165146
18798.486328	-93.785614
18809.252930	-93.442802
18820.019531	-92.948219
18830.786133	-93.310356
18841.552734	-93.113991
18852.319336	-91.813011
18863.085938	-91.674530
18873.852539	-93.110970
18884.619141	-93.035286
18895.385742	-92.025360
18906.152344	-92.812187
18916.918945	-91.867401
18927.685547	-91.331886
18938.452148	-92.009682
18949.218750	-92.945480
18959.985352	-91.555649
18970.751953	-91.787712
18981.518555	-92.670486
18992.285156	-91.807144
19003.051758	-91.907776
19013.818359	-92.799591
19024.584961	-91.816429
19035.351562	-91.983749
19046.118164	-92.512131
19056.884766	-92.386612
19067.651367	-92.676216
19078.417969	-92.434242
19089.184570	-92.294830
19099.951172	-91.765549
19110.717773	-93.137863
19121.484375	-93.340912
19132.250977	-93.472321
19143.017578	-93.639595
19153.784180	-93.069839
19164.550781	-92.396385
19175.317383	-92.408783
19186.083984	-93.023758
19196.850586	-93.006195
19207.617188	-92.006615
19218.383789	-92.311172
19229.150391	-92.619400
19239.916992	-94.146156
19250.683594	-93.747368
19261.450195	-93.065735
19272.216797	-93.372398
19282.983398	-92.056549
19293.750000	-91.920044
19304.516602	-92.874039
19315.283203	-93.401871
19326.049805	-93.705727
19336.816406	-94.580101
19347.583008	-92.701225
19358.349609	-92.047089
19369.116211	-92.785004
19379.882812	-91.809776
19390.649414	-92.885910
19401.416016	-93.027756
19412.182617	-92.601555
19422.949219	-93.304070
19433.715820	-93.001938
19444.482422	-93.329582
19455.249023	-92.906006
19466.015625	-93.402283
19476.782227	-94.480476
19487.548828	-94.386131
19498.315430	-92.780655
19509.082031	-92.486687
19519.848633	-93.296349
19530.615234	-92.686844
19541.381836	-93.036011
19552.148438	-94.759880
19562.915039	-94.027115
19573.681641	-94.060341
19584.448242	-92.598679
19595.214844	-92.602882
19605.981445	-92.757736
19616.748047	-91.776291
19627.514648	-91.038307
19638.281250	-92.779274
19649.047852	-92.767937
19659.814453	-92.326828
19670.581055	-92.938026
19681.347656	-93.524727
19692.114258	-93.379692
19702.880859	-92.916908
19713.647461	-92.414665
19724.414062	-92.499802
19735.180664	-91.437279
19745.947266	-92.485893
19756.713867	-93.343994
19767.480469	-92.707924
19778.247070	-92.382935
19789.013672	-91.250603
19799.780273	-92.421959
19810.546875	-92.952263
19821.313477	-93.317139
19832.080078	-94.287392
19842.846680	-92.754822
19853.613281	-91.505890
19864.379883	-92.085609
19875.146484	-92.908714
19885.913086	-93.214439
19896.679688	-92.990257
19907.446289	-93.551125
19918.212891	-93.405701
19928.979492	-92.610909
19939.746094	-91.259537
19950.512695	-92.508476
19961.279297	-93.565010
19972.045898	-93.223701
19982.812500	-92.205040
19993.579102	-91.900406
20004.345703	-93.635963
20015.112305	-94.163895
20025.878906	-94.362030
20036.645508	-94.065735
20047.412109	-92.746765
20058.178711	-92.947540
20068.945312	-92.635826
20079.711914	-93.214188
20090.478516	-93.061501
20101.245117	-93.367867
20112.011719	-94.020744
20122.778320	-93.526978
20133.544922	-92.771599
20144.311523	-93.425972
20155.078125	-93.260414
20165.844727	-93.014565
20176.611328	-92.885292
20187.377930	-92.558701
20198.144531	-92.214752
20208.911133	-92.019585
20219.677734	-92.472473
20230.444336	-93.124237
20241.210938	-93.118942
20251.977539	-94.682182
20262.744141	-95.148956
20273.510742	-93.132965
20284.277344	-92.559013
20295.043945	-92.167480
20305.810547	-92.087166
20316.577148	-92.974380
20327.343750	-93.273804
20338.110352	-93.151161
20348.876953	-93.756653
20359.643555	-93.761513
20370.410156	-92.620659
20381.176758	-93.274506
20391.943359	-94.533310
20402.709961	-93.474892
20413.476562	-92.132622
20424.243164	-91.914421
20435.009766	-93.229446
20445.776367	-94.596626
20456.542969	-94.587898
20467.309570	-93.186646
20478.076172	-91.645844
20488.842773	-93.172073
20499.609375	-92.024132
20510.375977	-93.139191
20521.142578	-93.702072
20531.909180	-92.950974
20542.675781	-93.157356
20553.442383	-93.394379
20564.208984	-94.463631
20574.975586	-93.805801
20585.742188	-93.437752
20596.508789	-93.995285
20607.275391	-92.812668
20618.041992	-91.595016
20628.808594	-92.888817
20639.575195	-93.959000
20650.341797	-92.117477
20661.108398	-92.297539
20671.875000	-94.007690
20682.641602	-94.213348
20693.408203	-94.005524
20704.174805	-94.547897
20714.941406	-96.726593
20725.708008	-96.527802
20736.474609	-93.654350
20747.241211	-92.966606
20758.007812	-93.755066
20768.774414	-93.577606
20779.541016	-94.210007
20790.307617	-94.386505
20801.074219	-94.699577
20811.840820	-95.005302
20822.607422	-94.308952
20833.374023	-93.997360
20844.140625	-94.037674
20854.907227	-94.700119
20865.673828	-94.376656
20876.440430	-93.690399
20887.207031	-93.204750
20897.973633	-92.866241
20908.740234	-94.266724
20919.506836	-93.582565
20930.273438	-93.264893
20941.040039	-93.155296
20951.806641	-94.423187
20962.573242	-94.548073
20973.339844	-93.608856
20984.106445	-93.288979
20994.873047	-93.404099
21005.639648	-93.121964
21016.406250	-93.277351
21027.172852	-94.188583
21037.939453	-93.921989
21048.706055	-93.593048
21059.472656	-94.025612
21070.239258	-92.436157
21081.005859	-93.733673
21091.772461	-94.089058
21102.539062	-93.928497
21113.305664	-93.549858
21124.072266	-94.357079
21134.838867	-94.678871
21145.605469	-94.068138
21156.372070	-93.278328
21167.138672	-93.632507
21177.905273	-94.117722
21188.671875	-93.685791
21199.438477	-94.173050
21210.205078	-93.832573
21220.971680	-95.053566
21231.738281	-95.560524
21242.504883	-94.826965
21253.271484	-94.417397
21264.038086	-93.685638
21274.804688	-92.662155
21285.571289	-93.538635
21296.337891	-93.866554
21307.104492	-93.295097
21317.871094	-94.465843
21328.637695	-94.888901
21339.404297	-94.854416
21350.170898	-94.759377
21360.937500	-95.647675
21371.704102	-95.083900
21382.470703	-94.206741
21393.237305	-94.513405
21404.003906	-94.849831
21414.770508	-94.562523
21425.537109	-94.343285
21436.303711	-94.764999
21447.070312	-94.340103
21457.836914	-95.330391
21468.603516	-95.081253
21479.370117	-94.458839
21490.136719	-96.125557
21500.903320	-96.287659
21511.669922	-94.675102
21522.436523	-96.393250
21533.203125	-95.899513
21543.969727	-94.784698
21554.736328	-94.400085
21565.502930	-95.000374
21576.269531	-95.257507
21587.036133	-95.657097
21597.802734	-94.678879
21608.569336	-94.831276
21619.335938	-95.445511
21630.102539	-94.821671
21640.869141	-94.561012
21651.635742	-95.858345
21662.402344	-96.425919
21673.168945	-95.990654
21683.935547	-96.653389
21694.702148	-96.470375
21705.468750	-95.855812
21716.235352	-96.507988
21727.001953	-97.016373
21737.768555	-97.223068
21748.535156	-97.127678
21759.301758	-97.207062
21770.068359	-96.612030
21780.834961	-95.580780
21791.601562	-95.553864
21802.368164	-95.831596
21813.134766	-95.104355
21823.901367	-94.717033
21834.667969	-95.092506
21845.434570	-95.824646
21856.201172	-97.068054
21866.967773	-97.704086
21877.734375	-97.907417
21888.500977	-97.457397
21899.267578	-97.671089
21910.034180	-97.734039
21920.800781	-97.054405
21931.567383	-97.126068
21942.333984	-96.349464
21953.100586	-97.592133
21963.867188	-96.917671
21974.633789	-97.313889
21985.400391	-97.924240
21996.166992	-97.045341
22006.933594	-97.247902
22017.700195	-97.495529
22028.466797	-97.074471
22039.233398	-97.826103
