Frequency (Hz)	Level (dB)
10.766602	-48.763077
21.533203	-47.357025
32.299805	-46.866840
43.066406	-45.234566
53.833008	-45.437649
64.599609	-47.497459
75.366211	-42.403366
86.132812	-37.163090
96.899414	-34.468937
107.666016	-36.952492
118.432617	-40.208305
129.199219	-41.216526
139.965820	-40.766144
150.732422	-42.314388
161.499023	-45.035549
172.265625	-46.049667
183.032227	-46.390316
193.798828	-46.249451
204.565430	-44.308411
215.332031	-43.843880
226.098633	-43.628536
236.865234	-43.156223
247.631836	-43.194317
258.398438	-42.383450
269.165039	-41.053829
279.931641	-38.617382
290.698242	-38.666782
301.464844	-41.073624
312.231445	-42.977295
322.998047	-43.230297
333.764648	-43.684479
344.531250	-45.224319
355.297852	-44.704258
366.064453	-44.357590
376.831055	-44.375755
387.597656	-44.187523
398.364258	-44.487862
409.130859	-44.993782
419.897461	-45.503876
430.664062	-46.727837
441.430664	-47.540726
452.197266	-48.359989
462.963867	-48.609791
473.730469	-49.022865
484.497070	-49.601067
495.263672	-48.939705
506.030273	-46.982098
516.796875	-46.100716
527.563477	-46.463264
538.330078	-45.288719
549.096680	-43.750786
559.863281	-42.093784
570.629883	-41.650757
581.396484	-42.450020
592.163086	-42.493038
602.929688	-42.800121
613.696289	-43.960297
624.462891	-44.288681
635.229492	-43.896992
645.996094	-43.946285
656.762695	-42.703815
667.529297	-42.950970
678.295898	-43.928242
689.062500	-43.436771
699.829102	-43.123951
710.595703	-42.677921
721.362305	-40.193657
732.128906	-41.527523
742.895508	-44.511597
753.662109	-44.323540
764.428711	-44.181698
775.195312	-45.685886
785.961914	-45.877789
796.728516	-43.192970
807.495117	-42.924671
818.261719	-41.129833
829.028320	-39.664619
839.794922	-38.113712
850.561523	-38.490540
861.328125	-42.382084
872.094727	-44.765400
882.861328	-44.901123
893.627930	-43.615940
904.394531	-43.350704
915.161133	-45.080666
925.927734	-46.441860
936.694336	-47.896721
947.460938	-49.552658
958.227539	-47.759747
968.994141	-47.375717
979.760742	-46.884182
990.527344	-47.316257
1001.293945	-48.865025
1012.060547	-49.244328
1022.827148	-49.608242
1033.593750	-49.817696
1044.360352	-49.491470
1055.126953	-49.298561
1065.893555	-48.270035
1076.660156	-48.288528
1087.426758	-49.205334
1098.193359	-49.124825
1108.959961	-49.512699
1119.726562	-50.383064
1130.493164	-49.694027
1141.259766	-49.407192
1152.026367	-49.183430
1162.792969	-48.355946
1173.559570	-46.967346
1184.326172	-46.102253
1195.092773	-47.281834
1205.859375	-47.920536
1216.625977	-45.643261
1227.392578	-43.466919
1238.159180	-44.476109
1248.925781	-46.093929
1259.692383	-44.795002
1270.458984	-44.497707
1281.225586	-46.285774
1291.992188	-47.056911
1302.758789	-45.965012
1313.525391	-43.901340
1324.291992	-44.935627
1335.058594	-46.132790
1345.825195	-46.880421
1356.591797	-46.028858
1367.358398	-45.625942
1378.125000	-44.993774
1388.891602	-44.302967
1399.658203	-43.814266
1410.424805	-43.915504
1421.191406	-45.233353
1431.958008	-45.591259
1442.724609	-44.657364
1453.491211	-44.288475
1464.257812	-43.969757
1475.024414	-43.898266
1485.791016	-44.026226
1496.557617	-43.026173
1507.324219	-43.701523
1518.090820	-44.308723
1528.857422	-43.352783
1539.624023	-41.846989
1550.390625	-42.974152
1561.157227	-43.984852
1571.923828	-43.778187
1582.690430	-43.487347
1593.457031	-42.215237
1604.223633	-43.019417
1614.990234	-44.161053
1625.756836	-42.895901
1636.523438	-42.084354
1647.290039	-42.317089
1658.056641	-42.735764
1668.823242	-42.137508
1679.589844	-41.404732
1690.356445	-42.346081
1701.123047	-44.319592
1711.889648	-45.737732
1722.656250	-46.810925
1733.422852	-46.255318
1744.189453	-45.463734
1754.956055	-46.192127
1765.722656	-47.047955
1776.489258	-48.409210
1787.255859	-49.621445
1798.022461	-49.834084
1808.789062	-49.351551
1819.555664	-49.334743
1830.322266	-49.706982
1841.088867	-51.090168
1851.855469	-51.376698
1862.622070	-50.294563
1873.388672	-49.791866
1884.155273	-50.685783
1894.921875	-50.828529
1905.688477	-52.086708
1916.455078	-51.428703
1927.221680	-49.859097
1937.988281	-49.588589
1948.754883	-50.688976
1959.521484	-50.529224
1970.288086	-49.409454
1981.054688	-49.837521
1991.821289	-49.534702
2002.587891	-48.727383
2013.354492	-48.299435
2024.121094	-47.879578
2034.887695	-46.795444
2045.654297	-46.261135
2056.420898	-46.879433
2067.187500	-47.215771
2077.954102	-47.566841
2088.720703	-47.995605
2099.487305	-48.019375
2110.253906	-48.496033
2121.020508	-47.964062
2131.787109	-46.089149
2142.553711	-44.478317
2153.320312	-44.627869
2164.086914	-45.260384
2174.853516	-45.105888
2185.620117	-44.994499
2196.386719	-45.470638
2207.153320	-45.726082
2217.919922	-45.703743
2228.686523	-45.627460
2239.453125	-45.347992
2250.219727	-45.399460
2260.986328	-44.092560
2271.752930	-43.489567
2282.519531	-44.042854
2293.286133	-44.990925
2304.052734	-45.354557
2314.819336	-44.950089
2325.585938	-45.098419
2336.352539	-43.279472
2347.119141	-43.983459
2357.885742	-45.280224
2368.652344	-46.462681
2379.418945	-44.784496
2390.185547	-44.547611
2400.952148	-45.719166
2411.718750	-44.767887
2422.485352	-44.227837
2433.251953	-44.469265
2444.018555	-44.841892
2454.785156	-45.145782
2465.551758	-45.072914
2476.318359	-44.717449
2487.084961	-45.198635
2497.851562	-46.088020
2508.618164	-46.129021
2519.384766	-45.704269
2530.151367	-46.182777
2540.917969	-45.721844
2551.684570	-46.298615
2562.451172	-47.019951
2573.217773	-46.487736
2583.984375	-46.303596
2594.750977	-46.352806
2605.517578	-46.562622
2616.284180	-46.180298
2627.050781	-45.407478
2637.817383	-46.427650
2648.583984	-47.025242
2659.350586	-47.445572
2670.117188	-48.005203
2680.883789	-48.925606
2691.650391	-49.476921
2702.416992	-49.250973
2713.183594	-49.628807
2723.950195	-50.879284
2734.716797	-51.488380
2745.483398	-51.364765
2756.250000	-50.542427
2767.016602	-50.855595
2777.783203	-51.969318
2788.549805	-52.764889
2799.316406	-53.080879
2810.083008	-53.696926
2820.849609	-54.092281
2831.616211	-54.020874
2842.382812	-54.783569
2853.149414	-54.055275
2863.916016	-54.297832
2874.682617	-55.439720
2885.449219	-55.508572
2896.215820	-55.122501
2906.982422	-54.588627
2917.749023	-55.290100
2928.515625	-56.311642
2939.282227	-55.998962
2950.048828	-56.018520
2960.815430	-54.946400
2971.582031	-54.708378
2982.348633	-56.078247
2993.115234	-56.440773
3003.881836	-55.337395
3014.648438	-54.957348
3025.415039	-54.786430
3036.181641	-55.130466
3046.948242	-56.510117
3057.714844	-56.030804
3068.481445	-56.321167
3079.248047	-55.422771
3090.014648	-55.130116
3100.781250	-55.706272
3111.547852	-55.586288
3122.314453	-54.554585
3133.081055	-54.058445
3143.847656	-53.480003
3154.614258	-52.859653
3165.380859	-53.373024
3176.147461	-53.413113
3186.914062	-53.279659
3197.680664	-51.640026
3208.447266	-51.795860
3219.213867	-52.638180
3229.980469	-52.133736
3240.747070	-52.398666
3251.513672	-52.986240
3262.280273	-52.870125
3273.046875	-52.862755
3283.813477	-53.134590
3294.580078	-52.758053
3305.346680	-52.169849
3316.113281	-52.626423
3326.879883	-52.402786
3337.646484	-52.622280
3348.413086	-53.581245
3359.179688	-53.806259
3369.946289	-53.670044
3380.712891	-54.285748
3391.479492	-55.343193
3402.246094	-54.256439
3413.012695	-53.081215
3423.779297	-53.259975
3434.545898	-53.606281
3445.312500	-53.751926
3456.079102	-53.911526
3466.845703	-54.784847
3477.612305	-55.240383
3488.378906	-54.817463
3499.145508	-54.344212
3509.912109	-53.378357
3520.678711	-53.275471
3531.445312	-54.140675
3542.211914	-54.889824
3552.978516	-54.698120
3563.745117	-54.542278
3574.511719	-54.311844
3585.278320	-53.946110
3596.044922	-54.255424
3606.811523	-54.038551
3617.578125	-54.294144
3628.344727	-54.113209
3639.111328	-54.333511
3649.877930	-51.975285
3660.644531	-52.056675
3671.411133	-54.259396
3682.177734	-55.418251
3692.944336	-55.210567
3703.710938	-54.604950
3714.477539	-55.322014
3725.244141	-55.886147
3736.010742	-55.907642
3746.777344	-56.566349
3757.543945	-57.213253
3768.310547	-57.482189
3779.077148	-57.872845
3789.843750	-57.444729
3800.610352	-57.494694
3811.376953	-57.554707
3822.143555	-57.873131
3832.910156	-58.476723
3843.676758	-58.245964
3854.443359	-58.519264
3865.209961	-58.823444
3875.976562	-58.996346
3886.743164	-58.506313
3897.509766	-59.165070
3908.276367	-59.678474
3919.042969	-59.892838
3929.809570	-59.501453
3940.576172	-59.195335
3951.342773	-59.703274
3962.109375	-59.024639
3972.875977	-58.845409
3983.642578	-58.715500
3994.409180	-58.853603
4005.175781	-59.358120
4015.942383	-60.199146
4026.708984	-60.296860
4037.475586	-59.883533
4048.242188	-59.487617
4059.008789	-60.307278
4069.775391	-60.698818
4080.541992	-60.283379
4091.308594	-61.296577
4102.075195	-60.325287
4112.841797	-59.607563
4123.608398	-59.845974
4134.375000	-59.591545
4145.141602	-60.022736
4155.908203	-59.808270
4166.674805	-59.096169
4177.441406	-59.138542
4188.208008	-59.408676
4198.974609	-59.601421
4209.741211	-59.966270
4220.507812	-59.709518
4231.274414	-59.887260
4242.041016	-60.093960
4252.807617	-59.443844
4263.574219	-59.476936
4274.340820	-60.030418
4285.107422	-60.041969
4295.874023	-60.104649
4306.640625	-59.853752
4317.407227	-58.582218
4328.173828	-59.652245
4338.940430	-60.618958
4349.707031	-60.136250
4360.473633	-60.218815
4371.240234	-59.313969
4382.006836	-59.642681
4392.773438	-60.392170
4403.540039	-59.325878
4414.306641	-59.470608
4425.073242	-60.302345
4435.839844	-60.229980
4446.606445	-59.826378
4457.373047	-59.652164
4468.139648	-59.891705
4478.906250	-59.054390
4489.672852	-59.290440
4500.439453	-58.951283
4511.206055	-59.404015
4521.972656	-59.181168
4532.739258	-58.801624
4543.505859	-59.212421
4554.272461	-59.780373
4565.039062	-59.424423
4575.805664	-59.124081
4586.572266	-59.001522
4597.338867	-60.030140
4608.105469	-59.930546
4618.872070	-58.853596
4629.638672	-59.508282
4640.405273	-60.061447
4651.171875	-60.129021
4661.938477	-60.046349
4672.705078	-59.337074
4683.471680	-59.153034
4694.238281	-59.030735
4705.004883	-59.528828
4715.771484	-59.131134
4726.538086	-59.073792
4737.304688	-58.864067
4748.071289	-59.136494
4758.837891	-57.202065
4769.604492	-56.628231
4780.371094	-57.186020
4791.137695	-58.195606
4801.904297	-58.230164
4812.670898	-58.314880
4823.437500	-58.641846
4834.204102	-58.486267
4844.970703	-57.844364
4855.737305	-58.207561
4866.503906	-58.517651
4877.270508	-58.983097
4888.037109	-58.674965
4898.803711	-58.093227
4909.570312	-58.224068
4920.336914	-59.239338
4931.103516	-59.743126
4941.870117	-59.655853
4952.636719	-59.309395
4963.403320	-59.687862
4974.169922	-59.283321
4984.936523	-59.296566
4995.703125	-59.779160
5006.469727	-59.994957
5017.236328	-59.932171
5028.002930	-59.434372
5038.769531	-59.395569
5049.536133	-59.324696
5060.302734	-59.653450
5071.069336	-60.016239
5081.835938	-60.290558
5092.602539	-59.758495
5103.369141	-59.931572
5114.135742	-60.589226
5124.902344	-60.230034
5135.668945	-60.760586
5146.435547	-61.035511
5157.202148	-60.550709
5167.968750	-59.889069
5178.735352	-59.202621
5189.501953	-60.401134
5200.268555	-61.328911
5211.035156	-61.027008
5221.801758	-61.280411
5232.568359	-61.193794
5243.334961	-60.546947
5254.101562	-60.627312
5264.868164	-61.021679
5275.634766	-60.853386
5286.401367	-60.967682
5297.167969	-61.614262
5307.934570	-61.791649
5318.701172	-61.723755
5329.467773	-61.720901
5340.234375	-61.545265
5351.000977	-60.413395
5361.767578	-59.969337
5372.534180	-61.033875
5383.300781	-61.344406
5394.067383	-62.169388
5404.833984	-61.925095
5415.600586	-60.728947
5426.367188	-60.933475
5437.133789	-61.648563
5447.900391	-62.386246
5458.666992	-60.987896
5469.433594	-60.326874
5480.200195	-60.406754
5490.966797	-60.104050
5501.733398	-60.864635
5512.500000	-61.214260
5523.266602	-61.180851
5534.033203	-61.011635
5544.799805	-61.009220
5555.566406	-60.668156
5566.333008	-60.146019
5577.099609	-59.901520
5587.866211	-59.299088
5598.632812	-59.504650
5609.399414	-59.332516
5620.166016	-59.584042
5630.932617	-60.618366
5641.699219	-60.306290
5652.465820	-59.869949
5663.232422	-59.876377
5673.999023	-59.175549
5684.765625	-58.691750
5695.532227	-59.255253
5706.298828	-59.538898
5717.065430	-60.048969
5727.832031	-59.678596
5738.598633	-59.401176
5749.365234	-59.872204
5760.131836	-61.378006
5770.898438	-60.172203
5781.665039	-59.615772
5792.431641	-60.100204
5803.198242	-60.545380
5813.964844	-60.286682
5824.731445	-60.762142
5835.498047	-60.475994
5846.264648	-59.972885
5857.031250	-59.217911
5867.797852	-59.672356
5878.564453	-59.847767
5889.331055	-59.849529
5900.097656	-60.513969
5910.864258	-59.860237
5921.630859	-59.232441
5932.397461	-60.843346
5943.164062	-61.269367
5953.930664	-60.321152
5964.697266	-60.494858
5975.463867	-60.626419
5986.230469	-60.855152
5996.997070	-60.815685
6007.763672	-60.583275
6018.530273	-60.219643
6029.296875	-61.234749
6040.063477	-61.433052
6050.830078	-61.459553
6061.596680	-60.924397
6072.363281	-60.647522
6083.129883	-60.944111
6093.896484	-60.546265
6104.663086	-61.467175
6115.429688	-62.042725
6126.196289	-61.401100
6136.962891	-61.927509
6147.729492	-62.735672
6158.496094	-62.258003
6169.262695	-61.809254
6180.029297	-62.157116
6190.795898	-61.773178
6201.562500	-61.408905
6212.329102	-61.350204
6223.095703	-61.423809
6233.862305	-61.353268
6244.628906	-61.647259
6255.395508	-61.197021
6266.162109	-61.815907
6276.928711	-60.959038
6287.695312	-60.453941
6298.461914	-61.206936
6309.228516	-61.335331
6319.995117	-61.279545
6330.761719	-61.283081
6341.528320	-60.445911
6352.294922	-60.340218
6363.061523	-61.432301
6373.828125	-61.441738
6384.594727	-62.023151
6395.361328	-61.724190
6406.127930	-61.405056
6416.894531	-62.034138
6427.661133	-61.739655
6438.427734	-61.645859
6449.194336	-61.254631
6459.960938	-61.484798
6470.727539	-61.879112
6481.494141	-61.168472
6492.260742	-61.347385
6503.027344	-61.315792
6513.793945	-60.938599
6524.560547	-60.628559
6535.327148	-60.741428
6546.093750	-61.348072
6556.860352	-61.110264
6567.626953	-60.876579
6578.393555	-60.835735
6589.160156	-61.627354
6599.926758	-61.014465
6610.693359	-61.289677
6621.459961	-61.374054
6632.226562	-61.962425
6642.993164	-61.482010
6653.759766	-61.915993
6664.526367	-62.611061
6675.292969	-62.397629
6686.059570	-61.332188
6696.826172	-61.476322
6707.592773	-60.496220
6718.359375	-60.125874
6729.125977	-60.777119
6739.892578	-61.015053
6750.659180	-61.351437
6761.425781	-60.211693
6772.192383	-59.953262
6782.958984	-60.630699
6793.725586	-60.971085
6804.492188	-60.936733
6815.258789	-61.232838
6826.025391	-60.872250
6836.791992	-61.337833
6847.558594	-60.282993
6858.325195	-60.461288
6869.091797	-61.305237
6879.858398	-61.211777
6890.625000	-61.198078
6901.391602	-61.399307
6912.158203	-60.935322
6922.924805	-61.732609
6933.691406	-60.712803
6944.458008	-60.356586
6955.224609	-61.005112
6965.991211	-61.934299
6976.757812	-61.346413
6987.524414	-62.030144
6998.291016	-61.787548
7009.057617	-60.904263
7019.824219	-60.425274
7030.590820	-60.503174
7041.357422	-61.236095
7052.124023	-60.468121
7062.890625	-61.424747
7073.657227	-61.255066
7084.423828	-60.969830
7095.190430	-61.177090
7105.957031	-60.652370
7116.723633	-60.837872
7127.490234	-61.160313
7138.256836	-60.722614
7149.023438	-61.417759
7159.790039	-60.837738
7170.556641	-61.007751
7181.323242	-60.666462
7192.089844	-60.490967
7202.856445	-60.639919
7213.623047	-61.163673
7224.389648	-61.229507
7235.156250	-61.041176
7245.922852	-60.521702
7256.689453	-60.523247
7267.456055	-60.081554
7278.222656	-59.148148
7288.989258	-59.213161
7299.755859	-59.595104
7310.522461	-59.806068
7321.289062	-60.471519
7332.055664	-60.966454
7342.822266	-61.595928
7353.588867	-61.197987
7364.355469	-60.175358
7375.122070	-59.528343
7385.888672	-59.413555
7396.655273	-59.332443
7407.421875	-59.864628
7418.188477	-60.430122
7428.955078	-60.895672
7439.721680	-61.266567
7450.488281	-60.745766
7461.254883	-60.791256
7472.021484	-61.232883
7482.788086	-59.966164
7493.554688	-60.170315
7504.321289	-60.398655
7515.087891	-60.597137
7525.854492	-60.694824
7536.621094	-61.655045
7547.387695	-62.226440
7558.154297	-61.931095
7568.920898	-61.340031
7579.687500	-60.481644
7590.454102	-60.488174
7601.220703	-61.233509
7611.987305	-61.276051
7622.753906	-60.656277
7633.520508	-60.360161
7644.287109	-60.330032
7655.053711	-61.379032
7665.820312	-60.968723
7676.586914	-61.005913
7687.353516	-62.199898
7698.120117	-61.593548
7708.886719	-59.813068
7719.653320	-60.157078
7730.419922	-61.430496
7741.186523	-62.156681
7751.953125	-61.678665
7762.719727	-61.674873
7773.486328	-61.894882
7784.252930	-61.312050
7795.019531	-61.458820
7805.786133	-60.641102
7816.552734	-60.951141
7827.319336	-61.880608
7838.085938	-61.498226
7848.852539	-61.255997
7859.619141	-60.621017
7870.385742	-60.601822
7881.152344	-60.951626
7891.918945	-60.696690
7902.685547	-58.979782
7913.452148	-58.282063
7924.218750	-58.327621
7934.985352	-59.283459
7945.751953	-60.509594
7956.518555	-60.462963
7967.285156	-59.976940
7978.051758	-59.951775
7988.818359	-59.777325
7999.584961	-59.251625
8010.351562	-58.674835
8021.118164	-59.443829
8031.884766	-60.497578
8042.651367	-60.807835
8053.417969	-60.843845
8064.184570	-60.515930
8074.951172	-60.647007
8085.717773	-60.187943
8096.484375	-60.004356
8107.250977	-59.185593
8118.017578	-58.705029
8128.784180	-59.972027
8139.550781	-60.720722
8150.317383	-59.358334
8161.083984	-59.074413
8171.850586	-59.404095
8182.617188	-59.415684
8193.383789	-59.029263
8204.150391	-58.775146
8214.916992	-58.397137
8225.683594	-60.050400
8236.450195	-60.891159
8247.216797	-60.236828
8257.983398	-58.105850
8268.750000	-58.355919
8279.516602	-58.860390
8290.283203	-59.365299
8301.049805	-59.414379
8311.816406	-59.147732
8322.583008	-59.323059
8333.349609	-59.234161
8344.116211	-59.319042
8354.882812	-60.017239
8365.649414	-60.102779
8376.416016	-60.439129
8387.182617	-60.733585
8397.949219	-59.641682
8408.715820	-59.608696
8419.482422	-58.811333
8430.249023	-57.724098
8441.015625	-57.694355
8451.782227	-58.371105
8462.548828	-57.904022
8473.315430	-57.593666
8484.082031	-58.106606
8494.848633	-59.956604
8505.615234	-59.957191
8516.381836	-58.439690
8527.148438	-58.322865
8537.915039	-59.259510
8548.681641	-59.339203
8559.448242	-58.984013
8570.214844	-58.217701
8580.981445	-58.332626
8591.748047	-59.448917
8602.514648	-59.167953
8613.281250	-59.018204
8624.047852	-59.678757
8634.814453	-59.114204
8645.581055	-58.248520
8656.347656	-59.299740
8667.114258	-61.141640
8677.880859	-59.818604
8688.647461	-59.396137
8699.414062	-59.717293
8710.180664	-59.967701
8720.947266	-60.024490
8731.713867	-59.139446
8742.480469	-59.067516
8753.247070	-59.211235
8764.013672	-58.669147
8774.780273	-60.083961
8785.546875	-60.014099
8796.313477	-58.658344
8807.080078	-57.069336
8817.846680	-58.451603
8828.613281	-59.923950
8839.379883	-59.309795
8850.146484	-61.549084
8860.913086	-61.616596
8871.679688	-62.328690
8882.446289	-62.200195
8893.212891	-61.763512
8903.979492	-60.792500
8914.746094	-60.823265
8925.512695	-60.537624
8936.279297	-60.395340
8947.045898	-60.380169
8957.812500	-60.665714
8968.579102	-60.859558
8979.345703	-59.564499
8990.112305	-59.613644
9000.878906	-60.117046
9011.645508	-60.727398
9022.412109	-60.285568
9033.178711	-60.291885
9043.945312	-61.288437
9054.711914	-60.976673
9065.478516	-59.618546
9076.245117	-59.222019
9087.011719	-59.848446
9097.778320	-60.275978
9108.544922	-61.295898
9119.311523	-60.699245
9130.078125	-60.898724
9140.844727	-60.097492
9151.611328	-59.000183
9162.377930	-58.465744
9173.144531	-59.279518
9183.911133	-59.992615
9194.677734	-59.970749
9205.444336	-59.285347
9216.210938	-60.162651
9226.977539	-60.788921
9237.744141	-60.979469
9248.510742	-60.955330
9259.277344	-61.007534
9270.043945	-60.838093
9280.810547	-60.813156
9291.577148	-60.218971
9302.343750	-59.872055
9313.110352	-59.479420
9323.876953	-59.409615
9334.643555	-60.023144
9345.410156	-60.065701
9356.176758	-60.179432
9366.943359	-60.802853
9377.709961	-60.453472
9388.476562	-60.300480
9399.243164	-60.508400
9410.009766	-59.464851
9420.776367	-59.375923
9431.542969	-60.049328
9442.309570	-60.389030
9453.076172	-60.822884
9463.842773	-59.965317
9474.609375	-60.371754
9485.375977	-59.732285
9496.142578	-59.184761
9506.909180	-59.530430
9517.675781	-58.916504
9528.442383	-59.126186
9539.208984	-59.257191
9549.975586	-59.286343
9560.742188	-60.361130
9571.508789	-59.702621
9582.275391	-59.676308
9593.041992	-59.432770
9603.808594	-59.976673
9614.575195	-61.139946
9625.341797	-60.934193
9636.108398	-59.680061
9646.875000	-59.986176
9657.641602	-60.904774
9668.408203	-59.384754
9679.174805	-59.537632
9689.941406	-60.630035
9700.708008	-60.557171
9711.474609	-60.148319
9722.241211	-60.855541
9733.007812	-61.059834
9743.774414	-61.917915
9754.541016	-60.776581
9765.307617	-60.654125
9776.074219	-61.014076
9786.840820	-61.331337
9797.607422	-60.797894
9808.374023	-61.140541
9819.140625	-61.494431
9829.907227	-60.791115
9840.673828	-61.405563
9851.440430	-61.328663
9862.207031	-60.698700
9872.973633	-60.264198
9883.740234	-60.349312
9894.506836	-61.645630
9905.273438	-61.801895
9916.040039	-60.978951
9926.806641	-60.659370
9937.573242	-61.167343
9948.339844	-61.413933
9959.106445	-60.844612
9969.873047	-60.866169
9980.639648	-60.170044
9991.406250	-61.246380
10002.172852	-61.546638
10012.939453	-62.219128
10023.706055	-62.096626
10034.472656	-61.776001
10045.239258	-61.699757
10056.005859	-60.834221
10066.772461	-60.298294
10077.539062	-61.418182
10088.305664	-62.090263
10099.072266	-61.505306
10109.838867	-60.823223
10120.605469	-59.917934
10131.372070	-61.146168
10142.138672	-62.152447
10152.905273	-62.178093
10163.671875	-61.783604
10174.438477	-61.466465
10185.205078	-60.669537
10195.971680	-60.875282
10206.738281	-60.062885
10217.504883	-60.238293
10228.271484	-60.596165
10239.038086	-60.855610
10249.804688	-62.519379
10260.571289	-62.840164
10271.337891	-62.233032
10282.104492	-61.549442
10292.871094	-60.617161
10303.637695	-60.108284
10314.404297	-60.882317
10325.170898	-61.913250
10335.937500	-60.965992
10346.704102	-60.018200
10357.470703	-60.877930
10368.237305	-60.329033
10379.003906	-60.671593
10389.770508	-61.047394
10400.537109	-61.095066
10411.303711	-61.535900
10422.070312	-61.119808
10432.836914	-61.299999
10443.603516	-61.194786
10454.370117	-61.427677
10465.136719	-62.079891
10475.903320	-63.257046
10486.669922	-63.062641
10497.436523	-62.252762
10508.203125	-61.370171
10518.969727	-60.684757
10529.736328	-60.320713
10540.502930	-61.110661
10551.269531	-61.474621
10562.036133	-60.391953
10572.802734	-60.805634
10583.569336	-59.974239
10594.335938	-60.835121
10605.102539	-61.466488
10615.869141	-61.770256
10626.635742	-61.981075
10637.402344	-61.231506
10648.168945	-61.092510
10658.935547	-62.461761
10669.702148	-62.278740
10680.468750	-61.377178
10691.235352	-61.854561
10702.001953	-62.665466
10712.768555	-62.048431
10723.535156	-61.287041
10734.301758	-61.476456
10745.068359	-62.050655
10755.834961	-62.564098
10766.601562	-61.646549
10777.368164	-60.404903
10788.134766	-60.804840
10798.901367	-61.515682
10809.667969	-61.789154
10820.434570	-62.445648
10831.201172	-62.786854
10841.967773	-62.661678
10852.734375	-63.119232
10863.500977	-61.903000
10874.267578	-61.991062
10885.034180	-62.303459
10895.800781	-62.126713
10906.567383	-62.734024
10917.333984	-62.882740
10928.100586	-62.642178
10938.867188	-61.909889
10949.633789	-60.627075
10960.400391	-61.022346
10971.166992	-61.345615
10981.933594	-61.642197
10992.700195	-61.397030
11003.466797	-61.044563
11014.233398	-62.046124
11025.000000	-62.849781
11035.766602	-62.117340
11046.533203	-61.793903
11057.299805	-62.527473
11068.066406	-61.852554
11078.833008	-62.054405
11089.599609	-60.810684
11100.366211	-61.730564
11111.132812	-61.675007
11121.899414	-61.561806
11132.666016	-61.225769
11143.432617	-60.790768
11154.199219	-61.865784
11164.965820	-62.419922
11175.732422	-61.238674
11186.499023	-61.581799
11197.265625	-62.758015
11208.032227	-62.508663
11218.798828	-62.198860
11229.565430	-62.374123
11240.332031	-62.952293
11251.098633	-62.764503
11261.865234	-62.821896
11272.631836	-62.096626
11283.398438	-62.358707
11294.165039	-62.119389
11304.931641	-60.713799
11315.698242	-60.847404
11326.464844	-61.977455
11337.231445	-61.118813
11347.998047	-61.119724
11358.764648	-61.120857
11369.531250	-61.340595
11380.297852	-60.571476
11391.064453	-62.317337
11401.831055	-61.838268
11412.597656	-62.031208
11423.364258	-61.373234
11434.130859	-61.494366
11444.897461	-62.466942
11455.664062	-61.855328
11466.430664	-61.867607
11477.197266	-61.810200
11487.963867	-61.405582
11498.730469	-61.666668
11509.497070	-61.225346
11520.263672	-61.826206
11531.030273	-62.301647
11541.796875	-61.602486
11552.563477	-62.060593
11563.330078	-62.693527
11574.096680	-63.199932
11584.863281	-62.466282
11595.629883	-61.576401
11606.396484	-61.545345
11617.163086	-60.885315
11627.929688	-60.866306
11638.696289	-62.038101
11649.462891	-61.886158
11660.229492	-61.499771
11670.996094	-62.219570
11681.762695	-62.068806
11692.529297	-61.583126
11703.295898	-61.748821
11714.062500	-62.115002
11724.829102	-61.201687
11735.595703	-61.592278
11746.362305	-62.439034
11757.128906	-62.182484
11767.895508	-60.967098
11778.662109	-60.735298
11789.428711	-60.737675
11800.195312	-62.264950
11810.961914	-61.871124
11821.728516	-62.177147
11832.495117	-62.361912
11843.261719	-61.544212
11854.028320	-61.471409
11864.794922	-61.936638
11875.561523	-61.481606
11886.328125	-61.108868
11897.094727	-61.376907
11907.861328	-61.847095
11918.627930	-61.902050
11929.394531	-61.575840
11940.161133	-62.386444
11950.927734	-62.303665
11961.694336	-61.298279
11972.460938	-62.638447
11983.227539	-62.338318
11993.994141	-61.665871
12004.760742	-61.523449
12015.527344	-61.549606
12026.293945	-62.846275
12037.060547	-63.682583
12047.827148	-63.840725
12058.593750	-62.567993
12069.360352	-62.223694
12080.126953	-62.113358
12090.893555	-61.791019
12101.660156	-61.124699
12112.426758	-61.550621
12123.193359	-61.947227
12133.959961	-62.373466
12144.726562	-62.150799
12155.493164	-61.561329
12166.259766	-61.870384
12177.026367	-62.163986
12187.792969	-62.174500
12198.559570	-61.743568
12209.326172	-60.820293
12220.092773	-62.141533
12230.859375	-63.324360
12241.625977	-63.249321
12252.392578	-62.735245
12263.159180	-62.889854
12273.925781	-61.686768
12284.692383	-62.471264
12295.458984	-61.564415
12306.225586	-61.169125
12316.992188	-63.121655
12327.758789	-62.914837
12338.525391	-62.258171
12349.291992	-62.186062
12360.058594	-62.168240
12370.825195	-63.713184
12381.591797	-62.112659
12392.358398	-61.421364
12403.125000	-61.779747
12413.891602	-62.208843
12424.658203	-62.065010
12435.424805	-63.031387
12446.191406	-61.870529
12456.958008	-61.205601
12467.724609	-61.805084
12478.491211	-63.073524
12489.257812	-62.490898
12500.024414	-62.303768
12510.791016	-62.494213
12521.557617	-62.613461
12532.324219	-62.484524
12543.090820	-62.178059
12553.857422	-62.600395
12564.624023	-63.364365
12575.390625	-63.539124
12586.157227	-62.226368
12596.923828	-62.718842
12607.690430	-62.458969
12618.457031	-62.605228
12629.223633	-63.701355
12639.990234	-63.449104
12650.756836	-62.461872
12661.523438	-60.630558
12672.290039	-60.660240
12683.056641	-62.434063
12693.823242	-63.440624
12704.589844	-62.013256
12715.356445	-61.654060
12726.123047	-61.631073
12736.889648	-61.823906
12747.656250	-61.873306
12758.422852	-62.175537
12769.189453	-62.864868
12779.956055	-62.619003
12790.722656	-62.532486
12801.489258	-62.381580
12812.255859	-62.808044
12823.022461	-63.770954
12833.789062	-62.575592
12844.555664	-62.594704
12855.322266	-62.532318
12866.088867	-62.379887
12876.855469	-62.355228
12887.622070	-61.668678
12898.388672	-62.143826
12909.155273	-63.140259
12919.921875	-61.510330
12930.688477	-61.420509
12941.455078	-61.736862
12952.221680	-61.453903
12962.988281	-61.986290
12973.754883	-62.154171
12984.521484	-61.999809
12995.288086	-60.785152
13006.054688	-61.793465
13016.821289	-62.534069
13027.587891	-62.021149
13038.354492	-62.250305
13049.121094	-62.233150
13059.887695	-63.074883
13070.654297	-63.009163
13081.420898	-62.012951
13092.187500	-61.065727
13102.954102	-61.920353
13113.720703	-62.847912
13124.487305	-62.345196
13135.253906	-61.569878
13146.020508	-62.086205
13156.787109	-62.640823
13167.553711	-62.268661
13178.320312	-61.956440
13189.086914	-62.050728
13199.853516	-62.372810
13210.620117	-62.641781
13221.386719	-63.009121
13232.153320	-63.947411
13242.919922	-62.618057
13253.686523	-61.890266
13264.453125	-63.221073
13275.219727	-62.608650
13285.986328	-63.442787
13296.752930	-62.584999
13307.519531	-62.343262
13318.286133	-62.326374
13329.052734	-62.361443
13339.819336	-62.392086
13350.585938	-63.433559
13361.352539	-63.738510
13372.119141	-62.941284
13382.885742	-62.276901
13393.652344	-62.569893
13404.418945	-62.776035
13415.185547	-63.384640
13425.952148	-62.295795
13436.718750	-60.901020
13447.485352	-62.261932
13458.251953	-62.004902
13469.018555	-61.918171
13479.785156	-62.401798
13490.551758	-62.886871
13501.318359	-62.968597
13512.084961	-62.879791
13522.851562	-62.154560
13533.618164	-63.383644
13544.384766	-63.686047
13555.151367	-63.037209
13565.917969	-61.899418
13576.684570	-62.905056
13587.451172	-63.196388
13598.217773	-62.543324
13608.984375	-61.537754
13619.750977	-62.402134
13630.517578	-62.660954
13641.284180	-62.185654
13652.050781	-62.918846
13662.817383	-63.570957
13673.583984	-61.908707
13684.350586	-62.003574
13695.117188	-62.218067
13705.883789	-63.671013
13716.650391	-62.670059
13727.416992	-62.142685
13738.183594	-63.444767
13748.950195	-63.130257
13759.716797	-62.225742
13770.483398	-63.196739
13781.250000	-63.480759
13792.016602	-62.647472
13802.783203	-61.362583
13813.549805	-61.583488
13824.316406	-61.900593
13835.083008	-61.279491
13845.849609	-62.479343
13856.616211	-62.271698
13867.382812	-61.160515
13878.149414	-62.706921
13888.916016	-62.170563
13899.682617	-61.822327
13910.449219	-61.396103
13921.215820	-60.941589
13931.982422	-60.627861
13942.749023	-61.577236
13953.515625	-61.811653
13964.282227	-63.407234
13975.048828	-62.958035
13985.815430	-61.976696
13996.582031	-62.105247
14007.348633	-61.995243
14018.115234	-62.632553
14028.881836	-63.494514
14039.648438	-62.225384
14050.415039	-61.904442
14061.181641	-60.954308
14071.948242	-62.016197
14082.714844	-62.485126
14093.481445	-62.553539
14104.248047	-62.444321
14115.014648	-62.754704
14125.781250	-62.893005
14136.547852	-63.254032
14147.314453	-63.547020
14158.081055	-64.308479
14168.847656	-62.132305
14179.614258	-61.180752
14190.380859	-60.741943
14201.147461	-61.615559
14211.914062	-61.475502
14222.680664	-61.602097
14233.447266	-62.651333
14244.213867	-62.672798
14254.980469	-63.660072
14265.747070	-62.464039
14276.513672	-61.733776
14287.280273	-62.332016
14298.046875	-61.992077
14308.813477	-62.101646
14319.580078	-61.258884
14330.346680	-61.761475
14341.113281	-62.669983
14351.879883	-62.886021
14362.646484	-62.487389
14373.413086	-62.130020
14384.179688	-62.358742
14394.946289	-62.756977
14405.712891	-63.115665
14416.479492	-62.797485
14427.246094	-62.595772
14438.012695	-62.002480
14448.779297	-62.031948
14459.545898	-63.931393
14470.312500	-63.860485
14481.079102	-62.921238
14491.845703	-61.484161
14502.612305	-62.184010
14513.378906	-61.568695
14524.145508	-61.218384
14534.912109	-60.895123
14545.678711	-61.089466
14556.445312	-61.130486
14567.211914	-62.092651
14577.978516	-62.346619
14588.745117	-61.860489
14599.511719	-62.245243
14610.278320	-63.365841
14621.044922	-64.243507
14631.811523	-62.374737
14642.578125	-62.269768
14653.344727	-61.605576
14664.111328	-61.606365
14674.877930	-61.627792
14685.644531	-61.189781
14696.411133	-61.908466
14707.177734	-61.754765
14717.944336	-62.258530
14728.710938	-62.998413
14739.477539	-63.493576
14750.244141	-62.665821
14761.010742	-62.079620
14771.777344	-62.872799
14782.543945	-62.897179
14793.310547	-63.417221
14804.077148	-63.400211
14814.843750	-63.290909
14825.610352	-64.259003
14836.376953	-63.762661
14847.143555	-62.090057
14857.910156	-62.193470
14868.676758	-62.375851
14879.443359	-62.654751
14890.209961	-63.019543
14900.976562	-63.826988
14911.743164	-62.266457
14922.509766	-61.013786
14933.276367	-61.581181
14944.042969	-62.168007
14954.809570	-62.556355
14965.576172	-62.841770
14976.342773	-62.512215
14987.109375	-62.544270
14997.875977	-62.486496
15008.642578	-62.196701
15019.409180	-63.155895
15030.175781	-62.516251
15040.942383	-62.702873
15051.708984	-62.862320
15062.475586	-62.622166
15073.242188	-63.018063
15084.008789	-63.513298
15094.775391	-61.732380
15105.541992	-61.409641
15116.308594	-62.408375
15127.075195	-62.750107
15137.841797	-63.005466
15148.608398	-63.189896
15159.375000	-62.985912
15170.141602	-63.024555
15180.908203	-63.675556
15191.674805	-63.603027
15202.441406	-61.813931
15213.208008	-61.537426
15223.974609	-62.403099
15234.741211	-62.150124
15245.507812	-62.357449
15256.274414	-62.380123
15267.041016	-62.069294
15277.807617	-61.670120
15288.574219	-61.672798
15299.340820	-61.734821
15310.107422	-61.876213
15320.874023	-61.576740
15331.640625	-62.892223
15342.407227	-61.893963
15353.173828	-61.725468
15363.940430	-62.250904
15374.707031	-61.721603
15385.473633	-62.475616
15396.240234	-62.423969
15407.006836	-61.802963
15417.773438	-62.071487
15428.540039	-61.676125
15439.306641	-62.477451
15450.073242	-62.743042
15460.839844	-62.486534
15471.606445	-62.308514
15482.373047	-61.614319
15493.139648	-62.234337
15503.906250	-62.017563
15514.672852	-61.900936
15525.439453	-62.072350
15536.206055	-62.032009
15546.972656	-61.593910
15557.739258	-62.268185
15568.505859	-62.581841
15579.272461	-61.610645
15590.039062	-62.472733
15600.805664	-63.385487
15611.572266	-63.256287
15622.338867	-61.868031
15633.105469	-61.930061
15643.872070	-62.317535
15654.638672	-63.427986
15665.405273	-62.716267
15676.171875	-62.464897
15686.938477	-63.245335
15697.705078	-62.608124
15708.471680	-61.777130
15719.238281	-62.314564
15730.004883	-63.320480
15740.771484	-62.611080
15751.538086	-62.172089
15762.304688	-63.560566
15773.071289	-62.786430
15783.837891	-62.668240
15794.604492	-62.608692
15805.371094	-62.892830
15816.137695	-62.631943
15826.904297	-61.049438
15837.670898	-61.198975
15848.437500	-63.002388
15859.204102	-62.293083
15869.970703	-63.384060
15880.737305	-63.200462
15891.503906	-61.778976
15902.270508	-62.242725
15913.037109	-61.987324
15923.803711	-62.317261
15934.570312	-62.680267
15945.336914	-62.647335
15956.103516	-61.956650
15966.870117	-62.469479
15977.636719	-62.440220
15988.403320	-61.135483
15999.169922	-61.912228
16009.936523	-62.051517
16020.703125	-61.391476
16031.469727	-62.206944
16042.236328	-62.696247
16053.002930	-62.492451
16063.769531	-62.641857
16074.536133	-63.064831
16085.302734	-62.141403
16096.069336	-62.079910
16106.835938	-62.312965
16117.602539	-61.219025
16128.369141	-61.644505
16139.135742	-61.547138
16149.902344	-61.001804
16160.668945	-61.324780
16171.435547	-61.207169
16182.202148	-61.418831
16192.968750	-61.072845
16203.735352	-62.951443
16214.501953	-61.984848
16225.268555	-60.962349
16236.035156	-61.894600
16246.801758	-62.994774
16257.568359	-62.509205
16268.334961	-62.464710
16279.101562	-63.084179
16289.868164	-62.570782
16300.634766	-61.972279
16311.401367	-62.225933
16322.167969	-62.672657
16332.934570	-61.940304
16343.701172	-62.631340
16354.467773	-63.963512
16365.234375	-63.034176
16376.000977	-60.887394
16386.767578	-61.372501
16397.534180	-62.750008
16408.300781	-61.880798
16419.067383	-61.704762
16429.833984	-61.833481
16440.600586	-62.072655
16451.367188	-62.922707
16462.133789	-61.726562
16472.900391	-61.861794
16483.666992	-62.577690
16494.433594	-63.158241
16505.200195	-62.171875
16515.966797	-62.720093
16526.733398	-62.953014
16537.500000	-63.113152
16548.266602	-62.240780
16559.033203	-63.069279
16569.799805	-62.242481
16580.566406	-62.644608
16591.333008	-63.715328
16602.099609	-64.312660
16612.866211	-63.619518
16623.632812	-62.228409
16634.399414	-61.814865
16645.166016	-62.239075
16655.932617	-62.597904
16666.699219	-61.690598
16677.465820	-62.488064
16688.232422	-62.728638
16698.999023	-63.045048
16709.765625	-62.837658
16720.532227	-62.152191
16731.298828	-62.841236
16742.065430	-62.608742
16752.832031	-62.863190
16763.598633	-63.171658
16774.365234	-62.004860
16785.131836	-62.162273
16795.898438	-62.033722
16806.665039	-62.700554
16817.431641	-62.842281
16828.198242	-63.247883
16838.964844	-63.807121
16849.731445	-62.803272
16860.498047	-62.296478
16871.264648	-61.864517
16882.031250	-61.411152
16892.797852	-61.735718
16903.564453	-62.114143
16914.331055	-61.666294
16925.097656	-61.737938
16935.864258	-61.617062
16946.630859	-61.213436
16957.397461	-61.740376
16968.164062	-62.171280
16978.930664	-62.076038
16989.697266	-63.353214
17000.463867	-63.825569
17011.230469	-61.530575
17021.997070	-61.259243
17032.763672	-62.435337
17043.530273	-62.417149
17054.296875	-61.857811
17065.063477	-63.528378
17075.830078	-62.595150
17086.596680	-63.411251
17097.363281	-63.022095
17108.129883	-61.151451
17118.896484	-62.343952
17129.663086	-62.359722
17140.429688	-62.382412
17151.196289	-62.482544
17161.962891	-62.346817
17172.729492	-61.501900
17183.496094	-62.278122
17194.262695	-63.353260
17205.029297	-63.089809
17215.795898	-62.995598
17226.562500	-62.997910
17237.329102	-62.867931
17248.095703	-63.453411
17258.862305	-62.826385
17269.628906	-62.527000
17280.395508	-62.810238
17291.162109	-63.434166
17301.928711	-63.409451
17312.695312	-63.953846
17323.461914	-62.579792
17334.228516	-62.603077
17344.995117	-63.024796
17355.761719	-62.038391
17366.528320	-61.881241
17377.294922	-62.338173
17388.061523	-61.664612
17398.828125	-62.024143
17409.594727	-62.436749
17420.361328	-62.664574
17431.127930	-63.400990
17441.894531	-62.902748
17452.661133	-63.044067
17463.427734	-63.594898
17474.194336	-62.323090
17484.960938	-61.318428
17495.727539	-62.984741
17506.494141	-63.530071
17517.260742	-62.924698
17528.027344	-62.399094
17538.793945	-61.582355
17549.560547	-62.260963
17560.327148	-62.858181
17571.093750	-61.249882
17581.860352	-60.560310
17592.626953	-60.600674
17603.393555	-62.373981
17614.160156	-62.891739
17624.926758	-63.127300
17635.693359	-63.851543
17646.459961	-63.309353
17657.226562	-62.453743
17667.993164	-62.242203
17678.759766	-61.926819
17689.526367	-62.575768
17700.292969	-63.344902
17711.059570	-62.355457
17721.826172	-62.118053
17732.592773	-62.190121
17743.359375	-62.566845
17754.125977	-62.929836
17764.892578	-63.298244
17775.659180	-61.690563
17786.425781	-61.926231
17797.192383	-62.050358
17807.958984	-61.982147
17818.725586	-62.583256
17829.492188	-62.490780
17840.258789	-62.840076
17851.025391	-64.315842
17861.791992	-64.039558
17872.558594	-61.769238
17883.325195	-61.716480
17894.091797	-62.576328
17904.858398	-62.443886
17915.625000	-62.700214
17926.391602	-62.661312
17937.158203	-63.354492
17947.924805	-63.158680
17958.691406	-63.072002
17969.458008	-63.011814
17980.224609	-63.635143
17990.991211	-62.999802
18001.757812	-62.547611
18012.524414	-63.167709
18023.291016	-63.293198
18034.057617	-63.024918
18044.824219	-62.364269
18055.590820	-61.632969
18066.357422	-62.119934
18077.124023	-62.534714
18087.890625	-62.728516
18098.657227	-62.632530
18109.423828	-62.585072
18120.190430	-63.391071
18130.957031	-64.141548
18141.723633	-62.889816
18152.490234	-62.866753
18163.256836	-63.090775
18174.023438	-62.590210
18184.790039	-62.481724
18195.556641	-62.590210
18206.323242	-61.546360
18217.089844	-61.950470
18227.856445	-62.710796
18238.623047	-62.294537
18249.389648	-62.940033
18260.156250	-63.955444
18270.922852	-63.541145
18281.689453	-63.363956
18292.456055	-63.036739
18303.222656	-64.647301
18313.989258	-62.993019
18324.755859	-61.401955
18335.522461	-61.185383
18346.289062	-62.672379
18357.055664	-63.599979
18367.822266	-62.067558
18378.588867	-62.936237
18389.355469	-63.155262
18400.122070	-61.416611
18410.888672	-62.129204
18421.655273	-62.504894
18432.421875	-62.395664
18443.188477	-61.547455
18453.955078	-61.957691
18464.721680	-63.117832
18475.488281	-62.020309
18486.254883	-61.957039
18497.021484	-61.841930
18507.788086	-61.674683
18518.554688	-61.172394
18529.321289	-62.525681
18540.087891	-63.679340
18550.854492	-62.678818
18561.621094	-62.341095
18572.387695	-62.745251
18583.154297	-63.826927
18593.920898	-62.211788
18604.687500	-61.682590
18615.454102	-62.693218
18626.220703	-61.983212
18636.987305	-61.131077
18647.753906	-61.723366
18658.520508	-61.571892
18669.287109	-62.361202
18680.053711	-63.439629
18690.820312	-63.097042
18701.586914	-62.443459
18712.353516	-61.617344
18723.120117	-61.707298
18733.886719	-63.720276
18744.653320	-63.410385
18755.419922	-63.024849
18766.186523	-62.811245
18776.953125	-62.137333
18787.719727	-62.896973
18798.486328	-62.880699
18809.252930	-62.414070
18820.019531	-61.208923
18830.786133	-61.370392
18841.552734	-62.888359
18852.319336	-64.602173
18863.085938	-63.392902
18873.852539	-62.466671
18884.619141	-62.492435
18895.385742	-62.511581
18906.152344	-62.313545
18916.918945	-62.163174
18927.685547	-61.803486
18938.452148	-61.193382
18949.218750	-61.210075
18959.985352	-62.376022
18970.751953	-63.647648
18981.518555	-63.122288
18992.285156	-62.127007
19003.051758	-61.970581
19013.818359	-62.945652
19024.584961	-62.771427
19035.351562	-62.350697
19046.118164	-62.030560
19056.884766	-62.596104
19067.651367	-62.303696
19078.417969	-60.765682
19089.184570	-60.974697
19099.951172	-62.514523
19110.717773	-62.356636
19121.484375	-62.130562
19132.250977	-63.719666
19143.017578	-64.411545
19153.784180	-62.746719
19164.550781	-63.057079
19175.317383	-64.813881
19186.083984	-64.164284
19196.850586	-63.156204
19207.617188	-61.552025
19218.383789	-60.577900
19229.150391	-61.086227
19239.916992	-62.210354
19250.683594	-62.283611
19261.450195	-63.263229
19272.216797	-62.463024
19282.983398	-61.605953
19293.750000	-61.733425
19304.516602	-61.900944
19315.283203	-63.208809
19326.049805	-63.058056
19336.816406	-63.055813
19347.583008	-64.091370
19358.349609	-63.818501
19369.116211	-61.919849
19379.882812	-61.990742
19390.649414	-62.318710
19401.416016	-62.549335
19412.182617	-62.195656
19422.949219	-62.001129
19433.715820	-61.820793
19444.482422	-62.097313
19455.249023	-63.747341
19466.015625	-62.821278
19476.782227	-61.247009
19487.548828	-61.993889
19498.315430	-62.757538
19509.082031	-62.159836
19519.848633	-63.034389
19530.615234	-63.530521
19541.381836	-61.904346
19552.148438	-60.995174
19562.915039	-62.329979
19573.681641	-64.314682
19584.448242	-63.222954
19595.214844	-63.720425
19605.981445	-63.356594
19616.748047	-63.090538
19627.514648	-63.807560
19638.281250	-62.786251
19649.047852	-62.378998
19659.814453	-62.533199
19670.581055	-62.354851
19681.347656	-61.424564
19692.114258	-61.820114
19702.880859	-63.591755
19713.647461	-62.995380
19724.414062	-62.356529
19735.180664	-63.410999
19745.947266	-63.340870
19756.713867	-62.723274
19767.480469	-63.536106
19778.247070	-64.087692
19789.013672	-64.706909
19799.780273	-62.854465
19810.546875	-62.623478
19821.313477	-61.502598
19832.080078	-60.739033
19842.846680	-62.795155
19853.613281	-63.040237
19864.379883	-62.116749
19875.146484	-62.060974
19885.913086	-61.441967
19896.679688	-62.508106
19907.446289	-62.516796
19918.212891	-61.792702
19928.979492	-62.076069
19939.746094	-61.833939
19950.512695	-62.577564
19961.279297	-62.326401
19972.045898	-61.979317
19982.812500	-61.772831
19993.579102	-62.123409
20004.345703	-62.411995
20015.112305	-61.862907
20025.878906	-62.189240
20036.645508	-62.613033
20047.412109	-62.805870
20058.178711	-62.860977
20068.945312	-63.532417
20079.711914	-63.358208
20090.478516	-62.575703
20101.245117	-63.027058
20112.011719	-62.581882
20122.778320	-61.748859
20133.544922	-62.343533
20144.311523	-62.171883
20155.078125	-62.542152
20165.844727	-61.733166
20176.611328	-62.855633
20187.377930	-63.241150
20198.144531	-61.864578
20208.911133	-61.347282
20219.677734	-61.942814
20230.444336	-62.466095
20241.210938	-63.207516
20251.977539	-63.914474
20262.744141	-62.427307
20273.510742	-61.679565
20284.277344	-62.583912
20295.043945	-63.114285
20305.810547	-63.535404
20316.577148	-62.427010
20327.343750	-61.586544
20338.110352	-62.549549
20348.876953	-62.791203
20359.643555	-62.539516
20370.410156	-62.036316
20381.176758	-62.837170
20391.943359	-62.663643
20402.709961	-61.325802
20413.476562	-60.806229
20424.243164	-61.151001
20435.009766	-62.412861
20445.776367	-62.576447
20456.542969	-62.468376
20467.309570	-63.302078
20478.076172	-62.336037
20488.842773	-62.609505
20499.609375	-62.287857
20510.375977	-62.787128
20521.142578	-63.166122
20531.909180	-61.574356
20542.675781	-61.529007
20553.442383	-62.104389
20564.208984	-62.503010
20574.975586	-63.012218
20585.742188	-63.484882
20596.508789	-63.002750
20607.275391	-62.349228
20618.041992	-61.811077
20628.808594	-62.156891
20639.575195	-62.730423
20650.341797	-63.011368
20661.108398	-63.586552
20671.875000	-62.847507
20682.641602	-62.465900
20693.408203	-61.818256
20704.174805	-62.604362
20714.941406	-63.527531
20725.708008	-64.412064
20736.474609	-63.527130
20747.241211	-63.478310
20758.007812	-61.977844
20768.774414	-61.298584
20779.541016	-63.350491
20790.307617	-62.757790
20801.074219	-62.549793
20811.840820	-63.666256
20822.607422	-62.993431
20833.374023	-62.976440
20844.140625	-62.320969
20854.907227	-62.071362
20865.673828	-62.942436
20876.440430	-62.768230
20887.207031	-62.570694
20897.973633	-62.995110
20908.740234	-63.076393
20919.506836	-63.079247
20930.273438	-62.969166
20941.040039	-61.858074
20951.806641	-62.545467
20962.573242	-63.841724
20973.339844	-64.316666
20984.106445	-62.756599
20994.873047	-62.513287
21005.639648	-61.731033
21016.406250	-61.959297
21027.172852	-63.558018
21037.939453	-63.912876
21048.706055	-63.920734
21059.472656	-62.766178
21070.239258	-62.668919
21081.005859	-62.572098
21091.772461	-61.901932
21102.539062	-61.693977
21113.305664	-63.181320
21124.072266	-62.826614
21134.838867	-62.748459
21145.605469	-63.056950
21156.372070	-62.930298
21167.138672	-63.103619
21177.905273	-62.493763
21188.671875	-62.093399
21199.438477	-62.799583
21210.205078	-63.001484
21220.971680	-63.249893
21231.738281	-63.550419
21242.504883	-63.492264
21253.271484	-63.377754
21264.038086	-63.846882
21274.804688	-63.906086
21285.571289	-62.913082
21296.337891	-61.622017
21307.104492	-61.496746
21317.871094	-61.971317
21328.637695	-62.226467
21339.404297	-62.520569
21350.170898	-62.538960
21360.937500	-62.251797
21371.704102	-63.450798
21382.470703	-63.581718
21393.237305	-63.258617
21404.003906	-62.908245
21414.770508	-61.965454
21425.537109	-61.307564
21436.303711	-61.679054
21447.070312	-63.663292
21457.836914	-62.869759
21468.603516	-62.655514
21479.370117	-62.310341
21490.136719	-63.369869
21500.903320	-64.267899
21511.669922	-62.805706
21522.436523	-63.213078
21533.203125	-62.687172
21543.969727	-62.343948
21554.736328	-62.244900
21565.502930	-63.249699
21576.269531	-64.725029
21587.036133	-65.089203
21597.802734	-63.619102
21608.569336	-63.234993
21619.335938	-62.733406
21630.102539	-62.811371
21640.869141	-64.134338
21651.635742	-64.489113
21662.402344	-64.338432
21673.168945	-63.106941
21683.935547	-63.245293
21694.702148	-63.299755
21705.468750	-62.447323
21716.235352	-62.567177
21727.001953	-63.283195
21737.768555	-63.970474
21748.535156	-63.669823
21759.301758	-63.216053
21770.068359	-62.672031
21780.834961	-62.695663
21791.601562	-62.664249
21802.368164	-63.391361
21813.134766	-64.099236
21823.901367	-63.935886
21834.667969	-62.632519
21845.434570	-63.698196
21856.201172	-64.510277
21866.967773	-63.435047
21877.734375	-62.112049
21888.500977	-62.222866
21899.267578	-62.021645
21910.034180	-63.048180
21920.800781	-62.832664
21931.567383	-62.828693
21942.333984	-63.855228
21953.100586	-63.582577
21963.867188	-63.144024
21974.633789	-63.246666
21985.400391	-62.699688
21996.166992	-62.923267
22006.933594	-63.122452
22017.700195	-62.855915
22028.466797	-62.966328
22039.233398	-62.777325
