Frequency (Hz)	Level (dB)
10.766602	-58.315987
21.533203	-58.024635
32.299805	-65.027191
43.066406	-58.468029
53.833008	-57.820137
64.599609	-58.945614
75.366211	-52.901329
86.132812	-56.038822
96.899414	-65.065437
107.666016	-60.218517
118.432617	-59.395885
129.199219	-59.824909
139.965820	-58.822628
150.732422	-56.357407
161.499023	-58.720699
172.265625	-62.255001
183.032227	-64.443817
193.798828	-66.891777
204.565430	-62.941330
215.332031	-56.659325
226.098633	-57.944489
236.865234	-62.059814
247.631836	-60.847286
258.398438	-59.520050
269.165039	-64.989250
279.931641	-57.734482
290.698242	-57.001381
301.464844	-58.733898
312.231445	-60.374615
322.998047	-60.759315
333.764648	-63.486111
344.531250	-63.883430
355.297852	-58.450115
366.064453	-57.154648
376.831055	-59.799076
387.597656	-60.322578
398.364258	-59.861469
409.130859	-62.068768
419.897461	-62.792042
430.664062	-61.590504
441.430664	-58.058300
452.197266	-60.904366
462.963867	-62.387917
473.730469	-61.465565
484.497070	-62.254089
495.263672	-60.683838
506.030273	-61.577194
516.796875	-68.093529
527.563477	-64.208694
538.330078	-60.772186
549.096680	-60.300812
559.863281	-62.087811
570.629883	-60.866226
581.396484	-60.574482
592.163086	-60.208515
602.929688	-61.227970
613.696289	-62.160446
624.462891	-66.947693
635.229492	-66.640877
645.996094	-63.016075
656.762695	-59.420898
667.529297	-65.565773
678.295898	-64.277870
689.062500	-69.085022
699.829102	-64.743217
710.595703	-65.012222
721.362305	-61.928497
732.128906	-63.856518
742.895508	-64.928711
753.662109	-63.607189
764.428711	-62.804790
775.195312	-62.388580
785.961914	-60.878201
796.728516	-62.837681
807.495117	-62.854885
818.261719	-62.951462
829.028320	-61.196564
839.794922	-65.620056
850.561523	-63.567265
861.328125	-65.487999
872.094727	-64.238518
882.861328	-63.713093
893.627930	-63.995270
904.394531	-62.185871
915.161133	-63.254402
925.927734	-61.772263
936.694336	-62.342640
947.460938	-61.584061
958.227539	-61.869392
968.994141	-65.347687
979.760742	-64.267906
990.527344	-63.111912
1001.293945	-64.418655
1012.060547	-60.179237
1022.827148	-59.743073
1033.593750	-60.021408
1044.360352	-58.888268
1055.126953	-58.895031
1065.893555	-60.621204
1076.660156	-61.871410
1087.426758	-60.097797
1098.193359	-60.521576
1108.959961	-62.026791
1119.726562	-63.976734
1130.493164	-60.703388
1141.259766	-60.053398
1152.026367	-60.100227
1162.792969	-60.493702
1173.559570	-64.965240
1184.326172	-65.917366
1195.092773	-70.257355
1205.859375	-64.627502
1216.625977	-65.441116
1227.392578	-67.627487
1238.159180	-63.494766
1248.925781	-63.355946
1259.692383	-68.537521
1270.458984	-67.692451
1281.225586	-61.064079
1291.992188	-58.309696
1302.758789	-61.168098
1313.525391	-60.381077
1324.291992	-63.284359
1335.058594	-65.037140
1345.825195	-60.428162
1356.591797	-59.312840
1367.358398	-64.145660
1378.125000	-62.047066
1388.891602	-62.513416
1399.658203	-66.063278
1410.424805	-64.970863
1421.191406	-61.947002
1431.958008	-59.933323
1442.724609	-60.903572
1453.491211	-62.798981
1464.257812	-66.900307
1475.024414	-66.356468
1485.791016	-63.823223
1496.557617	-64.059288
1507.324219	-61.793613
1518.090820	-60.008610
1528.857422	-58.123264
1539.624023	-63.860119
1550.390625	-61.713722
1561.157227	-60.767937
1571.923828	-63.835312
1582.690430	-63.548206
1593.457031	-62.628159
1604.223633	-62.295811
1614.990234	-65.784576
1625.756836	-64.686943
1636.523438	-61.322338
1647.290039	-65.330498
1658.056641	-63.137081
1668.823242	-62.723465
1679.589844	-62.219124
1690.356445	-64.251656
1701.123047	-68.520012
1711.889648	-63.883495
1722.656250	-65.778748
1733.422852	-64.119858
1744.189453	-61.784752
1754.956055	-63.938290
1765.722656	-63.123352
1776.489258	-61.381779
1787.255859	-59.551456
1798.022461	-60.637806
1808.789062	-62.536781
1819.555664	-62.852367
1830.322266	-62.553883
1841.088867	-64.065613
1851.855469	-66.888809
1862.622070	-63.300545
1873.388672	-63.260174
1884.155273	-62.980270
1894.921875	-66.798195
1905.688477	-69.103043
1916.455078	-67.255829
1927.221680	-59.776382
1937.988281	-60.405098
1948.754883	-62.883183
1959.521484	-65.770683
1970.288086	-62.962227
1981.054688	-59.910976
1991.821289	-59.964008
2002.587891	-62.599060
2013.354492	-66.998405
2024.121094	-65.727242
2034.887695	-62.558868
2045.654297	-62.247654
2056.420898	-62.402988
2067.187500	-61.171715
2077.954102	-59.758755
2088.720703	-61.763821
2099.487305	-66.076752
2110.253906	-65.804649
2121.020508	-65.294701
2131.787109	-64.930893
2142.553711	-62.458065
2153.320312	-61.694355
2164.086914	-62.733532
2174.853516	-63.056019
2185.620117	-62.402885
2196.386719	-64.454468
2207.153320	-66.375282
2217.919922	-69.598679
2228.686523	-68.538399
2239.453125	-67.193878
2250.219727	-65.087204
2260.986328	-65.267067
2271.752930	-66.787827
2282.519531	-66.522224
2293.286133	-68.221291
2304.052734	-68.938339
2314.819336	-62.395168
2325.585938	-62.313221
2336.352539	-62.795883
2347.119141	-61.167889
2357.885742	-61.554844
2368.652344	-66.004982
2379.418945	-64.065979
2390.185547	-66.196167
2400.952148	-65.445747
2411.718750	-61.604671
2422.485352	-61.941734
2433.251953	-64.352921
2444.018555	-65.051758
2454.785156	-61.514111
2465.551758	-64.061440
2476.318359	-64.814041
2487.084961	-62.197052
2497.851562	-64.092270
2508.618164	-63.771744
2519.384766	-62.972599
2530.151367	-60.336479
2540.917969	-60.827301
2551.684570	-60.144852
2562.451172	-61.173840
2573.217773	-62.152069
2583.984375	-62.452671
2594.750977	-62.637848
2605.517578	-60.638832
2616.284180	-60.129620
2627.050781	-59.922314
2637.817383	-62.413834
2648.583984	-62.473595
2659.350586	-61.288406
2670.117188	-61.568012
2680.883789	-61.587337
2691.650391	-65.732391
2702.416992	-61.862747
2713.183594	-62.217812
2723.950195	-61.407810
2734.716797	-59.274227
2745.483398	-60.321156
2756.250000	-65.871368
2767.016602	-62.965584
2777.783203	-63.269886
2788.549805	-60.544899
2799.316406	-60.077675
2810.083008	-60.515236
2820.849609	-60.580959
2831.616211	-58.101013
2842.382812	-58.854908
2853.149414	-63.817013
2863.916016	-64.387497
2874.682617	-63.329205
2885.449219	-60.892227
2896.215820	-59.966877
2906.982422	-59.897957
2917.749023	-62.647293
2928.515625	-61.757153
2939.282227	-61.512188
2950.048828	-62.732185
2960.815430	-65.365341
2971.582031	-64.539078
2982.348633	-65.557243
2993.115234	-67.364838
3003.881836	-60.023659
3014.648438	-60.140579
3025.415039	-59.118404
3036.181641	-57.665470
3046.948242	-61.103779
3057.714844	-64.026802
3068.481445	-64.024147
3079.248047	-61.355721
3090.014648	-60.429737
3100.781250	-63.470116
3111.547852	-61.648285
3122.314453	-61.974327
3133.081055	-62.426109
3143.847656	-68.042130
3154.614258	-68.479485
3165.380859	-58.301086
3176.147461	-61.304905
3186.914062	-66.755127
3197.680664	-67.560982
3208.447266	-66.620094
3219.213867	-65.375160
3229.980469	-64.414642
3240.747070	-63.369869
3251.513672	-59.832714
3262.280273	-63.913803
3273.046875	-59.823261
3283.813477	-62.181450
3294.580078	-62.192051
3305.346680	-63.847672
3316.113281	-63.397343
3326.879883	-61.640369
3337.646484	-61.280930
3348.413086	-62.296593
3359.179688	-63.896137
3369.946289	-62.880230
3380.712891	-63.427567
3391.479492	-63.630756
3402.246094	-60.887447
3413.012695	-60.142887
3423.779297	-60.281582
3434.545898	-61.289951
3445.312500	-61.309551
3456.079102	-61.515404
3466.845703	-61.820889
3477.612305	-61.921341
3488.378906	-63.431389
3499.145508	-64.617828
3509.912109	-66.963676
3520.678711	-65.734673
3531.445312	-63.206448
3542.211914	-63.259758
3552.978516	-62.838947
3563.745117	-62.013176
3574.511719	-60.947170
3585.278320	-61.348763
3596.044922	-61.000717
3606.811523	-62.912273
3617.578125	-64.680038
3628.344727	-65.824310
3639.111328	-60.064274
3649.877930	-60.021839
3660.644531	-63.886360
3671.411133	-64.329994
3682.177734	-64.951050
3692.944336	-63.772285
3703.710938	-61.594368
3714.477539	-62.921196
3725.244141	-68.607170
3736.010742	-64.490349
3746.777344	-62.812534
3757.543945	-61.963196
3768.310547	-63.474319
3779.077148	-65.015785
3789.843750	-65.490623
3800.610352	-65.983856
3811.376953	-61.938328
3822.143555	-61.824188
3832.910156	-60.938972
3843.676758	-65.329697
3854.443359	-64.315628
3865.209961	-61.509651
3875.976562	-61.765026
3886.743164	-60.101639
3897.509766	-62.925621
3908.276367	-62.700859
3919.042969	-62.810497
3929.809570	-63.343887
3940.576172	-60.763161
3951.342773	-61.421421
3962.109375	-61.038139
3972.875977	-60.366024
3983.642578	-61.407425
3994.409180	-62.652733
4005.175781	-64.653122
4015.942383	-65.264282
4026.708984	-64.793861
4037.475586	-65.946228
4048.242188	-64.879677
4059.008789	-66.759933
4069.775391	-65.416847
4080.541992	-62.453243
4091.308594	-66.928474
4102.075195	-61.447571
4112.841797	-60.205349
4123.608398	-61.728130
4134.375000	-65.223595
4145.141602	-66.878120
4155.908203	-64.498718
4166.674805	-62.861271
4177.441406	-63.474827
4188.208008	-63.009922
4198.974609	-62.939548
4209.741211	-61.751747
4220.507812	-59.744476
4231.274414	-60.272068
4242.041016	-60.991024
4252.807617	-61.584812
4263.574219	-61.353813
4274.340820	-61.724613
4285.107422	-63.616165
4295.874023	-64.681534
4306.640625	-65.617943
4317.407227	-60.380486
4328.173828	-59.391239
4338.940430	-64.060707
4349.707031	-66.402168
4360.473633	-69.942276
4371.240234	-63.789303
4382.006836	-63.241543
4392.773438	-65.522758
4403.540039	-63.852699
4414.306641	-62.786648
4425.073242	-65.516975
4435.839844	-64.568451
4446.606445	-64.047081
4457.373047	-61.770592
4468.139648	-60.524277
4478.906250	-60.804893
4489.672852	-64.138489
4500.439453	-63.012348
4511.206055	-63.635231
4521.972656	-62.114662
4532.739258	-61.296055
4543.505859	-58.865459
4554.272461	-61.278980
4565.039062	-62.216892
4575.805664	-62.708412
4586.572266	-62.066818
4597.338867	-64.261475
4608.105469	-60.304276
4618.872070	-59.625561
4629.638672	-61.392994
4640.405273	-62.211308
4651.171875	-63.755962
4661.938477	-64.662514
4672.705078	-62.589111
4683.471680	-62.417591
4694.238281	-62.488728
4705.004883	-63.330547
4715.771484	-63.488293
4726.538086	-66.597855
4737.304688	-64.140411
4748.071289	-64.026794
4758.837891	-61.468449
4769.604492	-62.360878
4780.371094	-64.479721
4791.137695	-64.967316
4801.904297	-65.979591
4812.670898	-61.712120
4823.437500	-61.321571
4834.204102	-65.537811
4844.970703	-63.122860
4855.737305	-64.689278
4866.503906	-67.871933
4877.270508	-65.302536
4888.037109	-63.447422
4898.803711	-63.306816
4909.570312	-67.848503
4920.336914	-69.399208
4931.103516	-66.342979
4941.870117	-68.208130
4952.636719	-66.641220
4963.403320	-67.635475
4974.169922	-66.768188
4984.936523	-63.196247
4995.703125	-61.767204
5006.469727	-65.120369
5017.236328	-61.653400
5028.002930	-61.535587
5038.769531	-63.489681
5049.536133	-58.867424
5060.302734	-59.745514
5071.069336	-63.778431
5081.835938	-63.914288
5092.602539	-62.921513
5103.369141	-64.507462
5114.135742	-62.416943
5124.902344	-58.969284
5135.668945	-60.133919
5146.435547	-62.738647
5157.202148	-59.879787
5167.968750	-63.009445
5178.735352	-63.544331
5189.501953	-63.317459
5200.268555	-69.956039
5211.035156	-67.901230
5221.801758	-63.564526
5232.568359	-61.001274
5243.334961	-60.970280
5254.101562	-60.944649
5264.868164	-63.018940
5275.634766	-63.086292
5286.401367	-62.287189
5297.167969	-63.727390
5307.934570	-63.559387
5318.701172	-60.089085
5329.467773	-58.148567
5340.234375	-61.669025
5351.000977	-62.345123
5361.767578	-63.646801
5372.534180	-65.253090
5383.300781	-65.075073
5394.067383	-64.647621
5404.833984	-63.745884
5415.600586	-65.221169
5426.367188	-69.601807
5437.133789	-66.736504
5447.900391	-64.655937
5458.666992	-62.895084
5469.433594	-61.728981
5480.200195	-62.210823
5490.966797	-64.401550
5501.733398	-64.617645
5512.500000	-63.957241
5523.266602	-61.752621
5534.033203	-63.027512
5544.799805	-64.038185
5555.566406	-64.957672
5566.333008	-63.037743
5577.099609	-65.008316
5587.866211	-66.337372
5598.632812	-65.876152
5609.399414	-62.395805
5620.166016	-60.030563
5630.932617	-59.348190
5641.699219	-58.340294
5652.465820	-58.604912
5663.232422	-61.177166
5673.999023	-63.342522
5684.765625	-60.809711
5695.532227	-60.861057
5706.298828	-62.084217
5717.065430	-62.571022
5727.832031	-63.605412
5738.598633	-64.032356
5749.365234	-64.883423
5760.131836	-64.803421
5770.898438	-63.879135
5781.665039	-63.491348
5792.431641	-62.663673
5803.198242	-62.120716
5813.964844	-61.554630
5824.731445	-63.719124
5835.498047	-64.598999
5846.264648	-59.974430
5857.031250	-56.814430
5867.797852	-59.254059
5878.564453	-63.316891
5889.331055	-66.616943
5900.097656	-61.895729
5910.864258	-61.060543
5921.630859	-61.073544
5932.397461	-63.296638
5943.164062	-67.128487
5953.930664	-63.019783
5964.697266	-58.808830
5975.463867	-61.656940
5986.230469	-64.394943
5996.997070	-65.573387
6007.763672	-62.502048
6018.530273	-62.358143
6029.296875	-61.136456
6040.063477	-62.436844
6050.830078	-61.146317
6061.596680	-59.534431
6072.363281	-61.090408
6083.129883	-65.989464
6093.896484	-62.003979
6104.663086	-62.083904
6115.429688	-66.032059
6126.196289	-63.978451
6136.962891	-64.709213
6147.729492	-71.287209
6158.496094	-67.044159
6169.262695	-63.340286
6180.029297	-62.992405
6190.795898	-64.623215
6201.562500	-60.858559
6212.329102	-63.441723
6223.095703	-66.416275
6233.862305	-64.675591
6244.628906	-65.379410
6255.395508	-67.447716
6266.162109	-63.715618
6276.928711	-62.061913
6287.695312	-61.569569
6298.461914	-63.747761
6309.228516	-63.827225
6319.995117	-62.243328
6330.761719	-60.947712
6341.528320	-58.803871
6352.294922	-60.560699
6363.061523	-65.881531
6373.828125	-62.166653
6384.594727	-65.169479
6395.361328	-61.930367
6406.127930	-62.229580
6416.894531	-64.290955
6427.661133	-63.774345
6438.427734	-62.099174
6449.194336	-61.869904
6459.960938	-65.133003
6470.727539	-66.471786
6481.494141	-61.336033
6492.260742	-61.212444
6503.027344	-66.466209
6513.793945	-60.224796
6524.560547	-60.934120
6535.327148	-63.005867
6546.093750	-63.615101
6556.860352	-64.906448
6567.626953	-62.701618
6578.393555	-61.831978
6589.160156	-60.808411
6599.926758	-58.130554
6610.693359	-62.143517
6621.459961	-63.218929
6632.226562	-62.055969
6642.993164	-64.486053
6653.759766	-66.111008
6664.526367	-64.644958
6675.292969	-64.307114
6686.059570	-64.108238
6696.826172	-60.803303
6707.592773	-58.724667
6718.359375	-59.606056
6729.125977	-60.276752
6739.892578	-61.003941
6750.659180	-66.139755
6761.425781	-63.944740
6772.192383	-60.684776
6782.958984	-60.570477
6793.725586	-62.127708
6804.492188	-62.738815
6815.258789	-63.122231
6826.025391	-62.498699
6836.791992	-60.380947
6847.558594	-62.197468
6858.325195	-62.189293
6869.091797	-64.001335
6879.858398	-64.560966
6890.625000	-64.331810
6901.391602	-64.447899
6912.158203	-61.013134
6922.924805	-62.475517
6933.691406	-62.505028
6944.458008	-61.828213
6955.224609	-64.079239
6965.991211	-62.572563
6976.757812	-62.268902
6987.524414	-63.117802
6998.291016	-64.791283
7009.057617	-64.056030
7019.824219	-63.762783
7030.590820	-61.522320
7041.357422	-61.799732
7052.124023	-60.902355
7062.890625	-63.100128
7073.657227	-63.619274
7084.423828	-61.929874
7095.190430	-67.776680
7105.957031	-59.862720
7116.723633	-58.362129
7127.490234	-63.394577
7138.256836	-64.905838
7149.023438	-64.603065
7159.790039	-67.279610
7170.556641	-67.772560
7181.323242	-59.631680
7192.089844	-59.678230
7202.856445	-60.065689
7213.623047	-65.219337
7224.389648	-65.911644
7235.156250	-61.740295
7245.922852	-59.507698
7256.689453	-59.330631
7267.456055	-60.245815
7278.222656	-64.721306
7288.989258	-61.519955
7299.755859	-59.933544
7310.522461	-59.896877
7321.289062	-59.766441
7332.055664	-60.179028
7342.822266	-59.427837
7353.588867	-61.252266
7364.355469	-58.973541
7375.122070	-58.750698
7385.888672	-62.215263
7396.655273	-64.662361
7407.421875	-63.655960
7418.188477	-66.001419
7428.955078	-62.391785
7439.721680	-65.708107
7450.488281	-63.315174
7461.254883	-63.727982
7472.021484	-62.376297
7482.788086	-61.374332
7493.554688	-63.196556
7504.321289	-65.089401
7515.087891	-64.416161
7525.854492	-63.656902
7536.621094	-62.387520
7547.387695	-64.219437
7558.154297	-64.791069
7568.920898	-63.056797
7579.687500	-61.177727
7590.454102	-59.328789
7601.220703	-66.263771
7611.987305	-62.694176
7622.753906	-61.275761
7633.520508	-63.413483
7644.287109	-63.987110
7655.053711	-62.730583
7665.820312	-63.473690
7676.586914	-62.994968
7687.353516	-65.245644
7698.120117	-63.424625
7708.886719	-61.055557
7719.653320	-58.369736
7730.419922	-58.625954
7741.186523	-61.733727
7751.953125	-65.202728
7762.719727	-63.974529
7773.486328	-65.046967
7784.252930	-65.085258
7795.019531	-62.924854
7805.786133	-59.384804
7816.552734	-63.175301
7827.319336	-61.645130
7838.085938	-62.450485
7848.852539	-64.696953
7859.619141	-69.324501
7870.385742	-72.177071
7881.152344	-69.516083
7891.918945	-67.731522
7902.685547	-63.158001
7913.452148	-62.274712
7924.218750	-62.476280
7934.985352	-61.083042
7945.751953	-64.267212
7956.518555	-67.121155
7967.285156	-65.552658
7978.051758	-62.218052
7988.818359	-61.324356
7999.584961	-61.307384
8010.351562	-60.252106
8021.118164	-61.305584
8031.884766	-60.701366
8042.651367	-64.683685
8053.417969	-61.565887
8064.184570	-61.011227
8074.951172	-64.272156
8085.717773	-64.230011
8096.484375	-64.729630
8107.250977	-67.804924
8118.017578	-70.876518
8128.784180	-66.415321
8139.550781	-66.072166
8150.317383	-64.115448
8161.083984	-63.548054
8171.850586	-65.532738
8182.617188	-62.247772
8193.383789	-59.314873
8204.150391	-60.580566
8214.916992	-61.748825
8225.683594	-62.482807
8236.450195	-60.790985
8247.216797	-60.405602
8257.983398	-62.154846
8268.750000	-64.698715
8279.516602	-64.054718
8290.283203	-62.497322
8301.049805	-69.812256
8311.816406	-64.072220
8322.583008	-62.802185
8333.349609	-62.687695
8344.116211	-62.635433
8354.882812	-63.494564
8365.649414	-63.225857
8376.416016	-65.173370
8387.182617	-64.643242
8397.949219	-59.437504
8408.715820	-59.556339
8419.482422	-61.303261
8430.249023	-62.862953
8441.015625	-63.978443
8451.782227	-62.721291
8462.548828	-58.542149
8473.315430	-58.500729
8484.082031	-61.160152
8494.848633	-62.353474
8505.615234	-62.989517
8516.381836	-62.732872
8527.148438	-62.791798
8537.915039	-59.956467
8548.681641	-59.186623
8559.448242	-59.080444
8570.214844	-60.255482
8580.981445	-62.138401
8591.748047	-63.651974
8602.514648	-62.728985
8613.281250	-61.639511
8624.047852	-63.978962
8634.814453	-63.767342
8645.581055	-61.797478
8656.347656	-65.609749
8667.114258	-65.452850
8677.880859	-64.058693
8688.647461	-66.143654
8699.414062	-63.566895
8710.180664	-61.140404
8720.947266	-61.795914
8731.713867	-61.959167
8742.480469	-66.241051
8753.247070	-66.427979
8764.013672	-61.780872
8774.780273	-62.160568
8785.546875	-63.128643
8796.313477	-64.158783
8807.080078	-63.553581
8817.846680	-63.502426
8828.613281	-58.939434
8839.379883	-59.036236
8850.146484	-62.265171
8860.913086	-61.459908
8871.679688	-63.291454
8882.446289	-62.745235
8893.212891	-61.647484
8903.979492	-63.646152
8914.746094	-64.440178
8925.512695	-63.455135
8936.279297	-61.784348
8947.045898	-59.516312
8957.812500	-59.967133
8968.579102	-63.590481
8979.345703	-61.948826
8990.112305	-62.583984
9000.878906	-59.559025
9011.645508	-59.315853
9022.412109	-66.870659
9033.178711	-60.970757
9043.945312	-62.842533
9054.711914	-66.601555
9065.478516	-67.707863
9076.245117	-65.953674
9087.011719	-65.790543
9097.778320	-64.712311
9108.544922	-66.018700
9119.311523	-66.243378
9130.078125	-66.951469
9140.844727	-67.644608
9151.611328	-66.447830
9162.377930	-64.997826
9173.144531	-68.524963
9183.911133	-67.379478
9194.677734	-69.432610
9205.444336	-61.009209
9216.210938	-59.134846
9226.977539	-60.914143
9237.744141	-63.344551
9248.510742	-64.370361
9259.277344	-62.695972
9270.043945	-60.323376
9280.810547	-62.135262
9291.577148	-60.435951
9302.343750	-62.120487
9313.110352	-67.877556
9323.876953	-63.993858
9334.643555	-66.855751
9345.410156	-63.942829
9356.176758	-61.419044
9366.943359	-68.368538
9377.709961	-63.863590
9388.476562	-61.879330
9399.243164	-62.143818
9410.009766	-61.060005
9420.776367	-61.202904
9431.542969	-63.327644
9442.309570	-64.418106
9453.076172	-63.345810
9463.842773	-63.323608
9474.609375	-67.216606
9485.375977	-66.890633
9496.142578	-62.140625
9506.909180	-63.318676
9517.675781	-61.929806
9528.442383	-61.387894
9539.208984	-62.893284
9549.975586	-64.968414
9560.742188	-60.167942
9571.508789	-59.160240
9582.275391	-64.580559
9593.041992	-60.396175
9603.808594	-60.292995
9614.575195	-63.947586
9625.341797	-62.335022
9636.108398	-62.127548
9646.875000	-63.911114
9657.641602	-66.557899
9668.408203	-62.221294
9679.174805	-65.155716
9689.941406	-62.465286
9700.708008	-61.096855
9711.474609	-59.080116
9722.241211	-64.067436
9733.007812	-65.865440
9743.774414	-67.033379
9754.541016	-64.486610
9765.307617	-63.927746
9776.074219	-66.474205
9786.840820	-66.590881
9797.607422	-61.080193
9808.374023	-58.684292
9819.140625	-59.601215
9829.907227	-59.965363
9840.673828	-61.132641
9851.440430	-62.363068
9862.207031	-62.073231
9872.973633	-61.981251
9883.740234	-64.961739
9894.506836	-62.995926
9905.273438	-63.223682
9916.040039	-60.937130
9926.806641	-62.130356
9937.573242	-63.814720
9948.339844	-64.952652
9959.106445	-63.334801
9969.873047	-58.858173
9980.639648	-58.533772
9991.406250	-60.789326
10002.172852	-61.291611
10012.939453	-66.016319
10023.706055	-62.860687
10034.472656	-60.334827
10045.239258	-60.400322
10056.005859	-60.776215
10066.772461	-62.299343
10077.539062	-61.925220
10088.305664	-62.778442
10099.072266	-60.527863
10109.838867	-63.352394
10120.605469	-63.708298
10131.372070	-62.567730
10142.138672	-65.112778
10152.905273	-63.543110
10163.671875	-62.425415
10174.438477	-64.967255
10185.205078	-62.971371
10195.971680	-65.071449
10206.738281	-64.788521
10217.504883	-60.656086
10228.271484	-58.676716
10239.038086	-60.965797
10249.804688	-65.131424
10260.571289	-65.738693
10271.337891	-64.214478
10282.104492	-62.497936
10292.871094	-61.758377
10303.637695	-64.524147
10314.404297	-64.626480
10325.170898	-67.292679
10335.937500	-69.454727
10346.704102	-64.603943
10357.470703	-64.814766
10368.237305	-61.148968
10379.003906	-62.963226
10389.770508	-64.162247
10400.537109	-66.526871
10411.303711	-62.693291
10422.070312	-61.274994
10432.836914	-62.224976
10443.603516	-62.267811
10454.370117	-66.768196
10465.136719	-63.045822
10475.903320	-62.241863
10486.669922	-63.908627
10497.436523	-63.981838
10508.203125	-63.083874
10518.969727	-64.616623
10529.736328	-64.263924
10540.502930	-62.461056
10551.269531	-62.516136
10562.036133	-61.695232
10572.802734	-66.326874
10583.569336	-65.845154
10594.335938	-61.904514
10605.102539	-62.268120
10615.869141	-68.582176
10626.635742	-62.147869
10637.402344	-61.290203
10648.168945	-60.039215
10658.935547	-63.057091
10669.702148	-64.917892
10680.468750	-63.191811
10691.235352	-65.715164
10702.001953	-63.313477
10712.768555	-63.455681
10723.535156	-65.254021
10734.301758	-63.881306
10745.068359	-62.712337
10755.834961	-64.442513
10766.601562	-63.735443
10777.368164	-59.867661
10788.134766	-61.850101
10798.901367	-68.050850
10809.667969	-59.974045
10820.434570	-62.979450
10831.201172	-63.052708
10841.967773	-66.191978
10852.734375	-63.339386
10863.500977	-61.892941
10874.267578	-61.478104
10885.034180	-64.390198
10895.800781	-68.819962
10906.567383	-67.449951
10917.333984	-64.383057
10928.100586	-62.192608
10938.867188	-62.472145
10949.633789	-72.641975
10960.400391	-63.358768
10971.166992	-61.219448
10981.933594	-62.980110
10992.700195	-63.471493
11003.466797	-60.828148
11014.233398	-61.938759
11025.000000	-62.734833
11035.766602	-62.344135
11046.533203	-62.922405
11057.299805	-64.407768
11068.066406	-65.595215
11078.833008	-61.553463
11089.599609	-59.109676
11100.366211	-59.449787
11111.132812	-58.926201
11121.899414	-58.576569
11132.666016	-58.724869
11143.432617	-61.176311
11154.199219	-63.753281
11164.965820	-61.026093
11175.732422	-60.761101
11186.499023	-65.129227
11197.265625	-67.125565
11208.032227	-67.790443
11218.798828	-64.294754
11229.565430	-63.713367
11240.332031	-62.908962
11251.098633	-62.364174
11261.865234	-66.089706
11272.631836	-63.172440
11283.398438	-61.575638
11294.165039	-63.426014
11304.931641	-63.286312
11315.698242	-60.690548
11326.464844	-65.181061
11337.231445	-64.040207
11347.998047	-61.198776
11358.764648	-63.506931
11369.531250	-66.068924
11380.297852	-62.791546
11391.064453	-63.396034
11401.831055	-61.597908
11412.597656	-61.568634
11423.364258	-59.451687
11434.130859	-62.467918
11444.897461	-65.582291
11455.664062	-65.107948
11466.430664	-62.911259
11477.197266	-62.098236
11487.963867	-61.978825
11498.730469	-65.147270
11509.497070	-61.378517
11520.263672	-58.527077
11531.030273	-61.823780
11541.796875	-60.567780
11552.563477	-61.080639
11563.330078	-61.045097
11574.096680	-62.738468
11584.863281	-66.014732
11595.629883	-67.521667
11606.396484	-64.294846
11617.163086	-61.471836
11627.929688	-61.884193
11638.696289	-60.987549
11649.462891	-60.303486
11660.229492	-62.302475
11670.996094	-62.343712
11681.762695	-62.566154
11692.529297	-65.726570
11703.295898	-63.001053
11714.062500	-66.464928
11724.829102	-61.451569
11735.595703	-60.584217
11746.362305	-62.036144
11757.128906	-63.234062
11767.895508	-61.125061
11778.662109	-62.126129
11789.428711	-63.030556
11800.195312	-62.566181
11810.961914	-66.327446
11821.728516	-71.303070
11832.495117	-69.947746
11843.261719	-65.537460
11854.028320	-59.991695
11864.794922	-59.166813
11875.561523	-59.149357
11886.328125	-65.578529
11897.094727	-65.297104
11907.861328	-65.346924
11918.627930	-63.238918
11929.394531	-61.715393
11940.161133	-63.925999
11950.927734	-64.730522
11961.694336	-63.971878
11972.460938	-67.806641
11983.227539	-61.068981
11993.994141	-61.088757
12004.760742	-61.360073
12015.527344	-61.441864
12026.293945	-64.890381
12037.060547	-66.137810
12047.827148	-63.555664
12058.593750	-64.753662
12069.360352	-65.498802
12080.126953	-67.198334
12090.893555	-66.015854
12101.660156	-63.864201
12112.426758	-66.012726
12123.193359	-60.204029
12133.959961	-60.888828
12144.726562	-66.167450
12155.493164	-64.071503
12166.259766	-65.132408
12177.026367	-63.105537
12187.792969	-61.023811
12198.559570	-64.811546
12209.326172	-65.069916
12220.092773	-65.679291
12230.859375	-66.981514
12241.625977	-65.780273
12252.392578	-63.861244
12263.159180	-64.051620
12273.925781	-63.467453
12284.692383	-61.364162
12295.458984	-60.812775
12306.225586	-60.138504
12316.992188	-63.876709
12327.758789	-65.552002
12338.525391	-63.443970
12349.291992	-65.875648
12360.058594	-63.726810
12370.825195	-64.451698
12381.591797	-67.717216
12392.358398	-66.649185
12403.125000	-65.262138
12413.891602	-62.224350
12424.658203	-63.974243
12435.424805	-64.968254
12446.191406	-64.086479
12456.958008	-58.898590
12467.724609	-60.764057
12478.491211	-63.887035
12489.257812	-63.456993
12500.024414	-61.315620
12510.791016	-59.721760
12521.557617	-61.486187
12532.324219	-63.649574
12543.090820	-61.943737
12553.857422	-62.374519
12564.624023	-64.272240
12575.390625	-62.989925
12586.157227	-61.564724
12596.923828	-64.269730
12607.690430	-64.642570
12618.457031	-62.922470
12629.223633	-67.459038
12639.990234	-68.521095
12650.756836	-65.987976
12661.523438	-60.465996
12672.290039	-60.888592
12683.056641	-66.169891
12693.823242	-65.466492
12704.589844	-62.097694
12715.356445	-60.359413
12726.123047	-60.612900
12736.889648	-63.240253
12747.656250	-62.908699
12758.422852	-62.014545
12769.189453	-63.102734
12779.956055	-63.064281
12790.722656	-64.046837
12801.489258	-63.857323
12812.255859	-64.388168
12823.022461	-67.396431
12833.789062	-65.199905
12844.555664	-63.300350
12855.322266	-65.688148
12866.088867	-62.435020
12876.855469	-63.332085
12887.622070	-64.387711
12898.388672	-61.607079
12909.155273	-60.472137
12919.921875	-60.564049
12930.688477	-63.359959
12941.455078	-64.164909
12952.221680	-61.654285
12962.988281	-62.953629
12973.754883	-63.188499
12984.521484	-63.451973
12995.288086	-61.250797
13006.054688	-65.035797
13016.821289	-66.608910
13027.587891	-60.679214
13038.354492	-61.328247
13049.121094	-62.947884
13059.887695	-62.722836
13070.654297	-63.985767
13081.420898	-64.822891
13092.187500	-67.794357
13102.954102	-68.249756
13113.720703	-63.859459
13124.487305	-62.259224
13135.253906	-64.945953
13146.020508	-63.541065
13156.787109	-63.438171
13167.553711	-60.967533
13178.320312	-59.447823
13189.086914	-60.385086
13199.853516	-60.443367
13210.620117	-60.906292
13221.386719	-60.324799
13232.153320	-64.672913
13242.919922	-64.543427
13253.686523	-59.647926
13264.453125	-60.561344
13275.219727	-61.867893
13285.986328	-69.916161
13296.752930	-66.588943
13307.519531	-64.708122
13318.286133	-66.104744
13329.052734	-65.992752
13339.819336	-62.088982
13350.585938	-62.312557
13361.352539	-63.068413
13372.119141	-65.849243
13382.885742	-61.928020
13393.652344	-61.419434
13404.418945	-63.375488
13415.185547	-63.329678
13425.952148	-60.801548
13436.718750	-60.333466
13447.485352	-62.152176
13458.251953	-60.402077
13469.018555	-60.089634
13479.785156	-59.786045
13490.551758	-62.712875
13501.318359	-68.025803
13512.084961	-68.780396
13522.851562	-65.309807
13533.618164	-66.646294
13544.384766	-66.937965
13555.151367	-68.021042
13565.917969	-65.495728
13576.684570	-63.470905
13587.451172	-63.699299
13598.217773	-66.233788
13608.984375	-65.579956
13619.750977	-64.091423
13630.517578	-62.237919
13641.284180	-62.112919
13652.050781	-61.327114
13662.817383	-61.855911
13673.583984	-61.252926
13684.350586	-61.418079
13695.117188	-62.123318
13705.883789	-64.126846
13716.650391	-61.021297
13727.416992	-61.520992
13738.183594	-62.313313
13748.950195	-60.779453
13759.716797	-60.765739
13770.483398	-62.714821
13781.250000	-63.848869
13792.016602	-61.578327
13802.783203	-59.204578
13813.549805	-60.286575
13824.316406	-60.744064
13835.083008	-60.819931
13845.849609	-66.996094
13856.616211	-60.378651
13867.382812	-62.423344
13878.149414	-66.224930
13888.916016	-63.116344
13899.682617	-61.585598
13910.449219	-59.550854
13921.215820	-60.478165
13931.982422	-61.589111
13942.749023	-60.009563
13953.515625	-59.443813
13964.282227	-62.093182
13975.048828	-61.101444
13985.815430	-59.403454
13996.582031	-62.505177
14007.348633	-67.807541
14018.115234	-66.799583
14028.881836	-65.161278
14039.648438	-65.836441
14050.415039	-63.089260
14061.181641	-61.665932
14071.948242	-64.778328
14082.714844	-63.828426
14093.481445	-64.008759
14104.248047	-64.394882
14115.014648	-62.773930
14125.781250	-61.079624
14136.547852	-66.654648
14147.314453	-66.029045
14158.081055	-69.395561
14168.847656	-63.881046
14179.614258	-64.566505
14190.380859	-62.081257
14201.147461	-61.172352
14211.914062	-59.515598
14222.680664	-57.289555
14233.447266	-61.165257
14244.213867	-63.949303
14254.980469	-62.626949
14265.747070	-61.923100
14276.513672	-64.403404
14287.280273	-60.585415
14298.046875	-60.791031
14308.813477	-63.070148
14319.580078	-62.621544
14330.346680	-66.453362
14341.113281	-63.609928
14351.879883	-63.956402
14362.646484	-60.208038
14373.413086	-61.481308
14384.179688	-63.475182
14394.946289	-63.554478
14405.712891	-63.962482
14416.479492	-61.328724
14427.246094	-59.408772
14438.012695	-63.466339
14448.779297	-63.480515
14459.545898	-64.277039
14470.312500	-66.793030
14481.079102	-66.744095
14491.845703	-62.026951
14502.612305	-63.095158
14513.378906	-64.501198
14524.145508	-61.720955
14534.912109	-59.071644
14545.678711	-61.189575
14556.445312	-62.537231
14567.211914	-60.866703
14577.978516	-63.102280
14588.745117	-63.977505
14599.511719	-69.114662
14610.278320	-70.774696
14621.044922	-64.607536
14631.811523	-60.659962
14642.578125	-59.564373
14653.344727	-59.995880
14664.111328	-60.284515
14674.877930	-64.816963
14685.644531	-60.287518
14696.411133	-59.384594
14707.177734	-58.531200
14717.944336	-60.468090
14728.710938	-60.047298
14739.477539	-65.031776
14750.244141	-66.488380
14761.010742	-65.615067
14771.777344	-62.226440
14782.543945	-61.443859
14793.310547	-62.192169
14804.077148	-61.711514
14814.843750	-63.218910
14825.610352	-66.390457
14836.376953	-65.203201
14847.143555	-59.708603
14857.910156	-59.507874
14868.676758	-59.828835
14879.443359	-60.702854
14890.209961	-62.382755
14900.976562	-64.385490
14911.743164	-62.740025
14922.509766	-59.424652
14933.276367	-63.244537
14944.042969	-69.306519
14954.809570	-64.897118
14965.576172	-61.104965
14976.342773	-61.902004
14987.109375	-62.021160
14997.875977	-62.629353
15008.642578	-63.131424
15019.409180	-64.027962
15030.175781	-63.182983
15040.942383	-62.116478
15051.708984	-65.848343
15062.475586	-63.509674
15073.242188	-64.026390
15084.008789	-63.241352
15094.775391	-61.151306
15105.541992	-62.296764
15116.308594	-63.374485
15127.075195	-65.946510
15137.841797	-62.896324
15148.608398	-62.971592
15159.375000	-61.658966
15170.141602	-65.534996
15180.908203	-65.061768
15191.674805	-63.819954
15202.441406	-59.954124
15213.208008	-58.459942
15223.974609	-60.661385
15234.741211	-61.245430
15245.507812	-61.120239
15256.274414	-62.706951
15267.041016	-63.547867
15277.807617	-59.319870
15288.574219	-59.637863
15299.340820	-60.353115
15310.107422	-61.296768
15320.874023	-61.278339
15331.640625	-64.231148
15342.407227	-62.075783
15353.173828	-62.576595
15363.940430	-60.489639
15374.707031	-60.066971
15385.473633	-61.462177
15396.240234	-64.936790
15407.006836	-63.037510
15417.773438	-61.273075
15428.540039	-62.777378
15439.306641	-63.583652
15450.073242	-61.251572
15460.839844	-62.742592
15471.606445	-61.413563
15482.373047	-60.919533
15493.139648	-59.058731
15503.906250	-57.969776
15514.672852	-59.213627
15525.439453	-60.068771
15536.206055	-59.700878
15546.972656	-60.271122
15557.739258	-60.923115
15568.505859	-61.629028
15579.272461	-61.174980
15590.039062	-62.025303
15600.805664	-64.389130
15611.572266	-62.794682
15622.338867	-61.479431
15633.105469	-60.588696
15643.872070	-59.381454
15654.638672	-60.104500
15665.405273	-61.965809
15676.171875	-60.989437
15686.938477	-60.311192
15697.705078	-62.238651
15708.471680	-61.774563
15719.238281	-59.387554
15730.004883	-60.969093
15740.771484	-63.181030
15751.538086	-62.533089
15762.304688	-65.128227
15773.071289	-61.521816
15783.837891	-62.150417
15794.604492	-62.576664
15805.371094	-61.463715
15816.137695	-61.742462
15826.904297	-58.828255
15837.670898	-58.713448
15848.437500	-58.838341
15859.204102	-58.766056
15869.970703	-60.674664
15880.737305	-62.085949
15891.503906	-60.033894
15902.270508	-60.959694
15913.037109	-63.443439
15923.803711	-63.987801
15934.570312	-64.511887
15945.336914	-70.109558
15956.103516	-62.826138
15966.870117	-63.574135
15977.636719	-63.213989
15988.403320	-62.330238
15999.169922	-62.561291
16009.936523	-63.422241
16020.703125	-64.393806
16031.469727	-62.127712
16042.236328	-61.873268
16053.002930	-67.617310
16063.769531	-65.709167
16074.536133	-61.421516
16085.302734	-60.830872
16096.069336	-62.102905
16106.835938	-62.225666
16117.602539	-62.675423
16128.369141	-61.229160
16139.135742	-62.564133
16149.902344	-62.713947
16160.668945	-62.066769
16171.435547	-65.927132
16182.202148	-63.524715
16192.968750	-61.626904
16203.735352	-60.142773
16214.501953	-58.595528
16225.268555	-59.041054
16236.035156	-60.955280
16246.801758	-62.430256
16257.568359	-63.743107
16268.334961	-64.692024
16279.101562	-61.688389
16289.868164	-64.557777
16300.634766	-68.030815
16311.401367	-63.580235
16322.167969	-62.611164
16332.934570	-63.057201
16343.701172	-60.885445
16354.467773	-67.396141
16365.234375	-60.986450
16376.000977	-59.758656
16386.767578	-64.139824
16397.534180	-61.770500
16408.300781	-59.803219
16419.067383	-61.598831
16429.833984	-61.186653
16440.600586	-59.853493
16451.367188	-60.544052
16462.133789	-65.194000
16472.900391	-63.394707
16483.666992	-64.418915
16494.433594	-66.841156
16505.200195	-62.302181
16515.966797	-63.545330
16526.733398	-64.949959
16537.500000	-65.832970
16548.266602	-63.092461
16559.033203	-60.436504
16569.799805	-62.092201
16580.566406	-63.874203
16591.333008	-63.096359
16602.099609	-65.755737
16612.866211	-63.743176
16623.632812	-59.302433
16634.399414	-59.799484
16645.166016	-62.903767
16655.932617	-62.147610
16666.699219	-60.828571
16677.465820	-59.363007
16688.232422	-59.038158
16698.999023	-65.098419
16709.765625	-63.120682
16720.532227	-66.196335
16731.298828	-67.398041
16742.065430	-61.601017
16752.832031	-63.090393
16763.598633	-68.000053
16774.365234	-64.411942
16785.131836	-64.499260
16795.898438	-61.516418
16806.665039	-63.702507
16817.431641	-67.902573
16828.198242	-69.038383
16838.964844	-64.428978
16849.731445	-65.476318
16860.498047	-62.645279
16871.264648	-59.565781
16882.031250	-62.105911
16892.797852	-62.781567
16903.564453	-61.284977
16914.331055	-62.728191
16925.097656	-61.432705
16935.864258	-59.159081
16946.630859	-61.651031
16957.397461	-64.186584
16968.164062	-63.405117
16978.930664	-61.318451
16989.697266	-62.914822
17000.463867	-63.994286
17011.230469	-64.512634
17021.997070	-62.438507
17032.763672	-62.304100
17043.530273	-60.090008
17054.296875	-64.453247
17065.063477	-65.112015
17075.830078	-59.949032
17086.596680	-63.170341
17097.363281	-61.872459
17108.129883	-58.089466
17118.896484	-60.677898
17129.663086	-63.451199
17140.429688	-61.598011
17151.196289	-61.488384
17161.962891	-61.682281
17172.729492	-61.754967
17183.496094	-63.799416
17194.262695	-68.379646
17205.029297	-65.814461
17215.795898	-68.315086
17226.562500	-65.263687
17237.329102	-63.850464
17248.095703	-64.397995
17258.862305	-63.352169
17269.628906	-62.893848
17280.395508	-63.251282
17291.162109	-64.510628
17301.928711	-60.488605
17312.695312	-61.841576
17323.461914	-63.558292
17334.228516	-62.086266
17344.995117	-62.321308
17355.761719	-63.082584
17366.528320	-62.174141
17377.294922	-62.319496
17388.061523	-63.888275
17398.828125	-64.560089
17409.594727	-64.970871
17420.361328	-62.407665
17431.127930	-59.781704
17441.894531	-60.714626
17452.661133	-62.670811
17463.427734	-65.676987
17474.194336	-66.308563
17484.960938	-68.329468
17495.727539	-69.457710
17506.494141	-68.308769
17517.260742	-64.138138
17528.027344	-60.518955
17538.793945	-59.183884
17549.560547	-62.407158
17560.327148	-64.832619
17571.093750	-66.952530
17581.860352	-64.846054
17592.626953	-62.636936
17603.393555	-65.601051
17614.160156	-65.977409
17624.926758	-63.823574
17635.693359	-62.526752
17646.459961	-65.127464
17657.226562	-63.892323
17667.993164	-62.681393
17678.759766	-62.076096
17689.526367	-66.130753
17700.292969	-64.556694
17711.059570	-61.749294
17721.826172	-59.446953
17732.592773	-61.565395
17743.359375	-64.328094
17754.125977	-64.488930
17764.892578	-63.593616
17775.659180	-59.142525
17786.425781	-61.438225
17797.192383	-63.366207
17807.958984	-62.539036
17818.725586	-64.552208
17829.492188	-62.440376
17840.258789	-64.168297
17851.025391	-69.655220
17861.791992	-69.155266
17872.558594	-62.933105
17883.325195	-60.059086
17894.091797	-63.062424
17904.858398	-63.102661
17915.625000	-62.363033
17926.391602	-63.031219
17937.158203	-63.801105
17947.924805	-60.177010
17958.691406	-60.520618
17969.458008	-63.480900
17980.224609	-62.538174
17990.991211	-65.647728
18001.757812	-63.208729
18012.524414	-63.821342
18023.291016	-62.506962
18034.057617	-62.435974
18044.824219	-62.428860
18055.590820	-61.713833
18066.357422	-59.921169
18077.124023	-60.819679
18087.890625	-64.789276
18098.657227	-63.495445
18109.423828	-61.734749
18120.190430	-61.451077
18130.957031	-62.519985
18141.723633	-60.969547
18152.490234	-62.108429
18163.256836	-61.073212
18174.023438	-66.147194
18184.790039	-64.841866
18195.556641	-64.135933
18206.323242	-65.095299
18217.089844	-64.337196
18227.856445	-63.598923
18238.623047	-66.313171
18249.389648	-72.681999
18260.156250	-66.206810
18270.922852	-65.340981
18281.689453	-65.434456
18292.456055	-66.768272
18303.222656	-64.178703
18313.989258	-61.380573
18324.755859	-61.310585
18335.522461	-61.468643
18346.289062	-63.056858
18357.055664	-64.462646
18367.822266	-61.410309
18378.588867	-62.059658
18389.355469	-64.586960
18400.122070	-64.285271
18410.888672	-62.020233
18421.655273	-62.329426
18432.421875	-61.147617
18443.188477	-59.728062
18453.955078	-60.842278
18464.721680	-66.187889
18475.488281	-64.042084
18486.254883	-61.161533
18497.021484	-65.003044
18507.788086	-66.318176
18518.554688	-62.210445
18529.321289	-59.338741
18540.087891	-60.766068
18550.854492	-64.060364
18561.621094	-64.366241
18572.387695	-65.319168
18583.154297	-67.015953
18593.920898	-61.540863
18604.687500	-60.648560
18615.454102	-61.982754
18626.220703	-63.494423
18636.987305	-64.114670
18647.753906	-62.947826
18658.520508	-65.182159
18669.287109	-63.116627
18680.053711	-63.726994
18690.820312	-65.030334
18701.586914	-63.378345
18712.353516	-60.888107
18723.120117	-62.276554
18733.886719	-65.904259
18744.653320	-65.100380
18755.419922	-68.760841
18766.186523	-64.212532
18776.953125	-65.072762
18787.719727	-64.978088
18798.486328	-62.762478
18809.252930	-62.560242
18820.019531	-61.813259
18830.786133	-64.418579
18841.552734	-65.522461
18852.319336	-64.860970
18863.085938	-62.642330
18873.852539	-62.662529
18884.619141	-59.937756
18895.385742	-59.901932
18906.152344	-62.923397
18916.918945	-60.548939
18927.685547	-61.943714
18938.452148	-62.833324
18949.218750	-63.461861
18959.985352	-66.011322
18970.751953	-64.063606
18981.518555	-63.204956
18992.285156	-61.874817
19003.051758	-62.537556
19013.818359	-70.137138
19024.584961	-67.114082
19035.351562	-62.227745
19046.118164	-61.208702
19056.884766	-61.450756
19067.651367	-65.302681
19078.417969	-63.428185
19089.184570	-63.412613
19099.951172	-63.672405
19110.717773	-65.485191
19121.484375	-64.667496
19132.250977	-65.698120
19143.017578	-64.064651
19153.784180	-66.250450
19164.550781	-67.161560
19175.317383	-64.009377
19186.083984	-63.362305
19196.850586	-65.885872
19207.617188	-60.937099
19218.383789	-58.881577
19229.150391	-61.155121
19239.916992	-61.574059
19250.683594	-61.169758
19261.450195	-63.200737
19272.216797	-63.103619
19282.983398	-61.699692
19293.750000	-58.342628
19304.516602	-61.646118
19315.283203	-64.608444
19326.049805	-63.902771
19336.816406	-65.285843
19347.583008	-63.122417
19358.349609	-60.752174
19369.116211	-60.643913
19379.882812	-60.746490
19390.649414	-61.314682
19401.416016	-63.084904
19412.182617	-65.443077
19422.949219	-63.834393
19433.715820	-61.489067
19444.482422	-60.683182
19455.249023	-62.846954
19466.015625	-63.806236
19476.782227	-63.824524
19487.548828	-63.657196
19498.315430	-64.741211
19509.082031	-66.112961
19519.848633	-64.051231
19530.615234	-60.392448
19541.381836	-59.638706
19552.148438	-59.538288
19562.915039	-60.990646
19573.681641	-63.396145
19584.448242	-64.158768
19595.214844	-65.051910
19605.981445	-61.052948
19616.748047	-60.482227
19627.514648	-62.804321
19638.281250	-62.337173
19649.047852	-61.759933
19659.814453	-63.382687
19670.581055	-63.883801
19681.347656	-62.411057
19692.114258	-62.716301
19702.880859	-62.677822
19713.647461	-61.425613
19724.414062	-61.784328
19735.180664	-63.704571
19745.947266	-65.073563
19756.713867	-69.232941
19767.480469	-71.354774
19778.247070	-68.579498
19789.013672	-63.195660
19799.780273	-63.084888
19810.546875	-66.575890
19821.313477	-63.882893
19832.080078	-61.170609
19842.846680	-62.919170
19853.613281	-65.110573
19864.379883	-65.165863
19875.146484	-62.400684
19885.913086	-60.565990
19896.679688	-64.274361
19907.446289	-65.339653
19918.212891	-65.300781
19928.979492	-64.708458
19939.746094	-61.317287
19950.512695	-60.134979
19961.279297	-61.156326
19972.045898	-63.452099
19982.812500	-61.266727
19993.579102	-63.353470
20004.345703	-60.598312
20015.112305	-60.161808
20025.878906	-62.540318
20036.645508	-62.710491
20047.412109	-62.615582
20058.178711	-64.696999
20068.945312	-62.212460
20079.711914	-61.142227
20090.478516	-63.250332
20101.245117	-65.459717
20112.011719	-64.626640
20122.778320	-65.290764
20133.544922	-64.341652
20144.311523	-63.208149
20155.078125	-64.443039
20165.844727	-65.247368
20176.611328	-64.555168
20187.377930	-65.694702
20198.144531	-64.294724
20208.911133	-62.452465
20219.677734	-59.842426
20230.444336	-61.660500
20241.210938	-70.000778
20251.977539	-65.579025
20262.744141	-60.600193
20273.510742	-61.484230
20284.277344	-62.235485
20295.043945	-60.745640
20305.810547	-65.088036
20316.577148	-63.762127
20327.343750	-61.985844
20338.110352	-62.136032
20348.876953	-60.553265
20359.643555	-58.904613
20370.410156	-61.561165
20381.176758	-61.530781
20391.943359	-63.051968
20402.709961	-61.409668
20413.476562	-61.046238
20424.243164	-60.302177
20435.009766	-62.584938
20445.776367	-62.922333
20456.542969	-62.548428
20467.309570	-62.845978
20478.076172	-59.825806
20488.842773	-60.970303
20499.609375	-61.802631
20510.375977	-60.317616
20521.142578	-60.098400
20531.909180	-60.835117
20542.675781	-63.082867
20553.442383	-65.628876
20564.208984	-61.166599
20574.975586	-64.290779
20585.742188	-65.562485
20596.508789	-62.815079
20607.275391	-58.916370
20618.041992	-58.857605
20628.808594	-60.824547
20639.575195	-62.468960
20650.341797	-64.399055
20661.108398	-66.104294
20671.875000	-66.614014
20682.641602	-63.690460
20693.408203	-61.647209
20704.174805	-61.681507
20714.941406	-59.028667
20725.708008	-61.778927
20736.474609	-63.967854
20747.241211	-62.849964
20758.007812	-62.000313
20768.774414	-61.111542
20779.541016	-63.422489
20790.307617	-63.372253
20801.074219	-63.427788
20811.840820	-62.994469
20822.607422	-65.962357
20833.374023	-64.806549
20844.140625	-64.459290
20854.907227	-64.373528
20865.673828	-61.853432
20876.440430	-61.968098
20887.207031	-68.219559
20897.973633	-67.870743
20908.740234	-65.249031
20919.506836	-66.116325
20930.273438	-61.168507
20941.040039	-59.978462
20951.806641	-64.960289
20962.573242	-66.135490
20973.339844	-66.272850
20984.106445	-61.787174
20994.873047	-61.708649
21005.639648	-64.751167
21016.406250	-63.685711
21027.172852	-65.523506
21037.939453	-64.814575
21048.706055	-65.012367
21059.472656	-64.276306
21070.239258	-66.716881
21081.005859	-63.082073
21091.772461	-60.906212
21102.539062	-61.763008
21113.305664	-65.354034
21124.072266	-64.914619
21134.838867	-66.535011
21145.605469	-64.621269
21156.372070	-63.283691
21167.138672	-65.445496
21177.905273	-63.449192
21188.671875	-63.452759
21199.438477	-62.380905
21210.205078	-62.628910
21220.971680	-65.536758
21231.738281	-61.777420
21242.504883	-62.230778
21253.271484	-65.347099
21264.038086	-64.464996
21274.804688	-62.721889
21285.571289	-60.967899
21296.337891	-59.956032
21307.104492	-59.307289
21317.871094	-59.378452
21328.637695	-61.925571
21339.404297	-62.155334
21350.170898	-60.179241
21360.937500	-60.877090
21371.704102	-61.663498
21382.470703	-63.743809
21393.237305	-64.442055
21404.003906	-60.613312
21414.770508	-61.658321
21425.537109	-60.647449
21436.303711	-65.069740
21447.070312	-66.041389
21457.836914	-64.369720
21468.603516	-61.857967
21479.370117	-63.173370
21490.136719	-61.391769
21500.903320	-62.586178
21511.669922	-60.505722
21522.436523	-62.867104
21533.203125	-62.116920
21543.969727	-64.113060
21554.736328	-63.629223
21565.502930	-66.487106
21576.269531	-66.923813
21587.036133	-65.483681
21597.802734	-68.138428
21608.569336	-63.727772
21619.335938	-61.657635
21630.102539	-63.988956
21640.869141	-64.389877
21651.635742	-63.165524
21662.402344	-63.923180
21673.168945	-67.964264
21683.935547	-62.474026
21694.702148	-64.434357
21705.468750	-64.000534
21716.235352	-62.914440
21727.001953	-68.055450
21737.768555	-67.596840
21748.535156	-60.865242
21759.301758	-60.331936
21770.068359	-62.401524
21780.834961	-63.150928
21791.601562	-65.202690
21802.368164	-64.747971
21813.134766	-67.189857
21823.901367	-62.900242
21834.667969	-60.634838
21845.434570	-63.787720
21856.201172	-63.239738
21866.967773	-62.217087
21877.734375	-62.879536
21888.500977	-65.352692
21899.267578	-68.256783
21910.034180	-67.667915
21920.800781	-64.928162
21931.567383	-64.742485
21942.333984	-68.961014
21953.100586	-65.023048
21963.867188	-66.401115
21974.633789	-61.958271
21985.400391	-62.072670
21996.166992	-60.741573
22006.933594	-60.943073
22017.700195	-60.563156
22028.466797	-61.636211
22039.233398	-61.255905
