Frequency (Hz)	Level (dB)
10.766602	-58.400959
21.533203	-60.003048
32.299805	-70.880516
43.066406	-63.543411
53.833008	-63.947868
64.599609	-63.958900
75.366211	-54.379639
86.132812	-57.585075
96.899414	-67.609146
107.666016	-67.102303
118.432617	-70.010391
129.199219	-70.252792
139.965820	-64.512398
150.732422	-62.749714
161.499023	-62.117310
172.265625	-63.677261
183.032227	-66.640030
193.798828	-66.553612
204.565430	-69.479218
215.332031	-60.356640
226.098633	-59.490540
236.865234	-65.233589
247.631836	-69.416168
258.398438	-68.887367
269.165039	-72.451874
279.931641	-68.778671
290.698242	-63.258953
301.464844	-65.869202
312.231445	-75.284355
322.998047	-71.585251
333.764648	-72.335030
344.531250	-68.875961
355.297852	-65.984222
366.064453	-61.141411
376.831055	-63.462997
387.597656	-65.879631
398.364258	-68.208298
409.130859	-69.693108
419.897461	-72.221443
430.664062	-66.614685
441.430664	-62.617935
452.197266	-68.247902
462.963867	-69.543922
473.730469	-71.098045
484.497070	-74.227745
495.263672	-68.507637
506.030273	-69.922806
516.796875	-77.267357
527.563477	-74.450493
538.330078	-68.810608
549.096680	-65.618164
559.863281	-68.778206
570.629883	-70.311951
581.396484	-69.219673
592.163086	-72.345207
602.929688	-74.606628
613.696289	-70.930542
624.462891	-66.685196
635.229492	-65.256668
645.996094	-69.572189
656.762695	-62.327591
667.529297	-64.067627
678.295898	-68.513184
689.062500	-65.687141
699.829102	-63.646057
710.595703	-64.468330
721.362305	-68.012085
732.128906	-64.007439
742.895508	-60.466293
753.662109	-64.278511
764.428711	-71.993935
775.195312	-69.648849
785.961914	-70.585365
796.728516	-67.780563
807.495117	-64.284981
818.261719	-63.175652
829.028320	-65.395493
839.794922	-68.528404
850.561523	-73.482803
861.328125	-70.966270
872.094727	-70.063316
882.861328	-73.343872
893.627930	-70.080605
904.394531	-70.147842
915.161133	-69.429672
925.927734	-68.932709
936.694336	-70.806190
947.460938	-71.841835
958.227539	-69.058846
968.994141	-63.421455
979.760742	-64.388145
990.527344	-72.834717
1001.293945	-71.513008
1012.060547	-69.116142
1022.827148	-68.362320
1033.593750	-71.613373
1044.360352	-69.367531
1055.126953	-72.086426
1065.893555	-69.467056
1076.660156	-65.664047
1087.426758	-62.740242
1098.193359	-65.249969
1108.959961	-63.699177
1119.726562	-55.450523
1130.493164	-54.489159
1141.259766	-59.640556
1152.026367	-64.492432
1162.792969	-69.822624
1173.559570	-67.760788
1184.326172	-71.074654
1195.092773	-70.013435
1205.859375	-72.177162
1216.625977	-79.868805
1227.392578	-63.577160
1238.159180	-55.745998
1248.925781	-59.871521
1259.692383	-72.260544
1270.458984	-69.513885
1281.225586	-68.293823
1291.992188	-70.268158
1302.758789	-77.037292
1313.525391	-70.745583
1324.291992	-67.699364
1335.058594	-70.939445
1345.825195	-72.579323
1356.591797	-73.593651
1367.358398	-73.179565
1378.125000	-60.043797
1388.891602	-58.515461
1399.658203	-67.035103
1410.424805	-67.259201
1421.191406	-66.496124
1431.958008	-65.886055
1442.724609	-65.374992
1453.491211	-62.815056
1464.257812	-60.024448
1475.024414	-64.954048
1485.791016	-69.323418
1496.557617	-69.884773
1507.324219	-71.837570
1518.090820	-77.796501
1528.857422	-71.583992
1539.624023	-69.660217
1550.390625	-71.543785
1561.157227	-68.600197
1571.923828	-66.073250
1582.690430	-67.162704
1593.457031	-69.111145
1604.223633	-70.130638
1614.990234	-70.686272
1625.756836	-69.655670
1636.523438	-70.153992
1647.290039	-71.105598
1658.056641	-68.462654
1668.823242	-69.564384
1679.589844	-62.890484
1690.356445	-61.482941
1701.123047	-66.608818
1711.889648	-74.669090
1722.656250	-72.104515
1733.422852	-71.005539
1744.189453	-69.624626
1754.956055	-66.265488
1765.722656	-67.393524
1776.489258	-70.266479
1787.255859	-69.929642
1798.022461	-70.882301
1808.789062	-73.322884
1819.555664	-72.001434
1830.322266	-66.981285
1841.088867	-70.102745
1851.855469	-71.747795
1862.622070	-68.197189
1873.388672	-70.063286
1884.155273	-75.184158
1894.921875	-72.352180
1905.688477	-70.927719
1916.455078	-71.787888
1927.221680	-76.550972
1937.988281	-74.425140
1948.754883	-70.917625
1959.521484	-72.242279
1970.288086	-70.426865
1981.054688	-69.328522
1991.821289	-69.129181
2002.587891	-74.771454
2013.354492	-71.941147
2024.121094	-68.235054
2034.887695	-70.971695
2045.654297	-76.182968
2056.420898	-75.337090
2067.187500	-74.173111
2077.954102	-76.847458
2088.720703	-73.175644
2099.487305	-71.477364
2110.253906	-72.130356
2121.020508	-76.468109
2131.787109	-76.458664
2142.553711	-73.308655
2153.320312	-75.548820
2164.086914	-68.903038
2174.853516	-65.254066
2185.620117	-66.758621
2196.386719	-68.714813
2207.153320	-71.654922
2217.919922	-69.934898
2228.686523	-71.391403
2239.453125	-70.792999
2250.219727	-70.931641
2260.986328	-70.228912
2271.752930	-68.050461
2282.519531	-68.658829
2293.286133	-69.413452
2304.052734	-71.833893
2314.819336	-72.917061
2325.585938	-72.858170
2336.352539	-72.371155
2347.119141	-72.874352
2357.885742	-73.724869
2368.652344	-74.158333
2379.418945	-73.640656
2390.185547	-66.704460
2400.952148	-67.397964
2411.718750	-68.463234
2422.485352	-69.551041
2433.251953	-67.684784
2444.018555	-71.183342
2454.785156	-71.251740
2465.551758	-66.674515
2476.318359	-68.003502
2487.084961	-68.361198
2497.851562	-67.002098
2508.618164	-70.368912
2519.384766	-70.935669
2530.151367	-74.203827
2540.917969	-71.862000
2551.684570	-70.553970
2562.451172	-72.440521
2573.217773	-70.648918
2583.984375	-69.906563
2594.750977	-69.708839
2605.517578	-71.142067
2616.284180	-72.520386
2627.050781	-71.953308
2637.817383	-70.561279
2648.583984	-71.633163
2659.350586	-71.302483
2670.117188	-70.097939
2680.883789	-71.791954
2691.650391	-76.468117
2702.416992	-71.797897
2713.183594	-72.300125
2723.950195	-75.457008
2734.716797	-73.353378
2745.483398	-74.111435
2756.250000	-72.862175
2767.016602	-71.472656
2777.783203	-72.196213
2788.549805	-71.589554
2799.316406	-71.320999
2810.083008	-71.127945
2820.849609	-73.719597
2831.616211	-74.823830
2842.382812	-75.276428
2853.149414	-73.079391
2863.916016	-70.542892
2874.682617	-69.912018
2885.449219	-70.692009
2896.215820	-70.841133
2906.982422	-75.234650
2917.749023	-72.079849
2928.515625	-70.355003
2939.282227	-72.804062
2950.048828	-71.915001
2960.815430	-69.862778
2971.582031	-67.628914
2982.348633	-70.750252
2993.115234	-70.112556
3003.881836	-67.385361
3014.648438	-69.841560
3025.415039	-71.472870
3036.181641	-71.933067
3046.948242	-72.156151
3057.714844	-73.243774
3068.481445	-71.620644
3079.248047	-71.863976
3090.014648	-73.471771
3100.781250	-72.813850
3111.547852	-77.180962
3122.314453	-73.378113
3133.081055	-75.584106
3143.847656	-73.032120
3154.614258	-71.136848
3165.380859	-73.565048
3176.147461	-75.134094
3186.914062	-76.851059
3197.680664	-70.401649
3208.447266	-69.220779
3219.213867	-71.125931
3229.980469	-70.982193
3240.747070	-72.153755
3251.513672	-75.437805
3262.280273	-74.464828
3273.046875	-71.125854
3283.813477	-69.972107
3294.580078	-75.473984
3305.346680	-69.782928
3316.113281	-72.535355
3326.879883	-74.880463
3337.646484	-71.543930
3348.413086	-73.444473
3359.179688	-72.878731
3369.946289	-74.871185
3380.712891	-79.202148
3391.479492	-80.339294
3402.246094	-75.936890
3413.012695	-74.394104
3423.779297	-73.048698
3434.545898	-74.414467
3445.312500	-74.390244
3456.079102	-71.310165
3466.845703	-72.362473
3477.612305	-73.197021
3488.378906	-72.956551
3499.145508	-73.057365
3509.912109	-75.433105
3520.678711	-74.901840
3531.445312	-72.657455
3542.211914	-69.763954
3552.978516	-71.395538
3563.745117	-73.408646
3574.511719	-71.552956
3585.278320	-69.061813
3596.044922	-70.504860
3606.811523	-71.010620
3617.578125	-75.427528
3628.344727	-73.642639
3639.111328	-73.276070
3649.877930	-75.461128
3660.644531	-76.449020
3671.411133	-74.762665
3682.177734	-75.721497
3692.944336	-73.377457
3703.710938	-72.456955
3714.477539	-72.703278
3725.244141	-70.911621
3736.010742	-75.849663
3746.777344	-72.190590
3757.543945	-76.869698
3768.310547	-72.379135
3779.077148	-73.077057
3789.843750	-75.614609
3800.610352	-72.492798
3811.376953	-70.208061
3822.143555	-72.315323
3832.910156	-75.763794
3843.676758	-73.753166
3854.443359	-72.899223
3865.209961	-71.841446
3875.976562	-71.320549
3886.743164	-72.341835
3897.509766	-74.559753
3908.276367	-77.511398
3919.042969	-71.303680
3929.809570	-72.256592
3940.576172	-75.292793
3951.342773	-74.797707
3962.109375	-72.794060
3972.875977	-73.642639
3983.642578	-76.343071
3994.409180	-76.116837
4005.175781	-72.759590
4015.942383	-71.293091
4026.708984	-73.818459
4037.475586	-71.970276
4048.242188	-70.199837
4059.008789	-70.464172
4069.775391	-73.704308
4080.541992	-75.685707
4091.308594	-74.823090
4102.075195	-76.316414
4112.841797	-72.787880
4123.608398	-69.905991
4134.375000	-72.619690
4145.141602	-72.622292
4155.908203	-71.887901
4166.674805	-75.675781
4177.441406	-80.784042
4188.208008	-76.426994
4198.974609	-76.217644
4209.741211	-73.659966
4220.507812	-72.887383
4231.274414	-78.724785
4242.041016	-75.325165
4252.807617	-70.827538
4263.574219	-70.362137
4274.340820	-72.919991
4285.107422	-73.943161
4295.874023	-73.590424
4306.640625	-73.657211
4317.407227	-70.443390
4328.173828	-69.729759
4338.940430	-72.807076
4349.707031	-76.633209
4360.473633	-75.195107
4371.240234	-73.577042
4382.006836	-72.398590
4392.773438	-73.491974
4403.540039	-75.137306
4414.306641	-75.071434
4425.073242	-73.665619
4435.839844	-71.879395
4446.606445	-70.792885
4457.373047	-72.937065
4468.139648	-75.509804
4478.906250	-73.385773
4489.672852	-73.654892
4500.439453	-75.639664
4511.206055	-74.360909
4521.972656	-75.472504
4532.739258	-72.709373
4543.505859	-72.068901
4554.272461	-71.422401
4565.039062	-75.995010
4575.805664	-73.722069
4586.572266	-72.319122
4597.338867	-71.930611
4608.105469	-70.752533
4618.872070	-71.134903
4629.638672	-71.776794
4640.405273	-71.119316
4651.171875	-71.880569
4661.938477	-71.624123
4672.705078	-70.760818
4683.471680	-72.321701
4694.238281	-76.969299
4705.004883	-75.264511
4715.771484	-79.615974
4726.538086	-72.905907
4737.304688	-72.384483
4748.071289	-77.296883
4758.837891	-79.062035
4769.604492	-74.217224
4780.371094	-70.334618
4791.137695	-72.919144
4801.904297	-74.186363
4812.670898	-74.952423
4823.437500	-74.050034
4834.204102	-73.969223
4844.970703	-79.308914
4855.737305	-75.555466
4866.503906	-76.135948
4877.270508	-74.393463
4888.037109	-71.435020
4898.803711	-75.254066
4909.570312	-74.965782
4920.336914	-76.559097
4931.103516	-76.185677
4941.870117	-74.160751
4952.636719	-76.713264
4963.403320	-75.187691
4974.169922	-72.036888
4984.936523	-71.178131
4995.703125	-70.564873
5006.469727	-72.984726
5017.236328	-71.959045
5028.002930	-75.834511
5038.769531	-76.253212
5049.536133	-76.541817
5060.302734	-74.530579
5071.069336	-73.688217
5081.835938	-72.353058
5092.602539	-72.306732
5103.369141	-75.937935
5114.135742	-77.163078
5124.902344	-77.644943
5135.668945	-75.453537
5146.435547	-73.746651
5157.202148	-75.737976
5167.968750	-72.852341
5178.735352	-73.691902
5189.501953	-74.797134
5200.268555	-77.149673
5211.035156	-76.960953
5221.801758	-73.555000
5232.568359	-72.649277
5243.334961	-73.783699
5254.101562	-75.714355
5264.868164	-75.811249
5275.634766	-77.285095
5286.401367	-76.080566
5297.167969	-75.830536
5307.934570	-79.578812
5318.701172	-75.963577
5329.467773	-76.002159
5340.234375	-72.034767
5351.000977	-73.426811
5361.767578	-77.445068
5372.534180	-73.332352
5383.300781	-72.038933
5394.067383	-74.606773
5404.833984	-71.457428
5415.600586	-70.625290
5426.367188	-71.527184
5437.133789	-72.147263
5447.900391	-74.753242
5458.666992	-76.552437
5469.433594	-72.457336
5480.200195	-73.371552
5490.966797	-76.440758
5501.733398	-74.974388
5512.500000	-76.574440
5523.266602	-77.581268
5534.033203	-80.495827
5544.799805	-80.086212
5555.566406	-78.509964
5566.333008	-78.194084
5577.099609	-77.492432
5587.866211	-74.553200
5598.632812	-75.412590
5609.399414	-77.778969
5620.166016	-78.291145
5630.932617	-78.543129
5641.699219	-78.105988
5652.465820	-78.186920
5663.232422	-78.389435
5673.999023	-76.849274
5684.765625	-77.237877
5695.532227	-74.447556
5706.298828	-74.961243
5717.065430	-74.455421
5727.832031	-77.304314
5738.598633	-76.029152
5749.365234	-72.829178
5760.131836	-74.867912
5770.898438	-75.756836
5781.665039	-74.986610
5792.431641	-77.334152
5803.198242	-79.235405
5813.964844	-76.612656
5824.731445	-72.579887
5835.498047	-72.927864
5846.264648	-74.609261
5857.031250	-74.259529
5867.797852	-75.672691
5878.564453	-74.915550
5889.331055	-75.579025
5900.097656	-74.150749
5910.864258	-74.039497
5921.630859	-79.912445
5932.397461	-78.623756
5943.164062	-77.049461
5953.930664	-74.266182
5964.697266	-73.922768
5975.463867	-73.439026
5986.230469	-71.944298
5996.997070	-73.361542
6007.763672	-75.422646
6018.530273	-75.416374
6029.296875	-76.334114
6040.063477	-77.987030
6050.830078	-76.973427
6061.596680	-75.785889
6072.363281	-78.301186
6083.129883	-77.303864
6093.896484	-74.091599
6104.663086	-74.156105
6115.429688	-75.647942
6126.196289	-79.018639
6136.962891	-78.950531
6147.729492	-77.573219
6158.496094	-75.050140
6169.262695	-75.720345
6180.029297	-78.773750
6190.795898	-76.614868
6201.562500	-75.231750
6212.329102	-76.611687
6223.095703	-78.041824
6233.862305	-76.203896
6244.628906	-74.927696
6255.395508	-77.373665
6266.162109	-80.309914
6276.928711	-77.413956
6287.695312	-75.993370
6298.461914	-80.037193
6309.228516	-77.015709
6319.995117	-76.596054
6330.761719	-76.445793
6341.528320	-79.498062
6352.294922	-77.292007
6363.061523	-78.241188
6373.828125	-80.651443
6384.594727	-78.125404
6395.361328	-76.974205
6406.127930	-76.090065
6416.894531	-72.909912
6427.661133	-71.267586
6438.427734	-76.350388
6449.194336	-73.754364
6459.960938	-77.985825
6470.727539	-80.225555
6481.494141	-79.053825
6492.260742	-77.759964
6503.027344	-79.146919
6513.793945	-76.963028
6524.560547	-75.987289
6535.327148	-77.358940
6546.093750	-75.947144
6556.860352	-74.688354
6567.626953	-78.757004
6578.393555	-78.571938
6589.160156	-77.383141
6599.926758	-77.133072
6610.693359	-80.702950
6621.459961	-74.923996
6632.226562	-74.039536
6642.993164	-80.683998
6653.759766	-80.730545
6664.526367	-77.256882
6675.292969	-73.842857
6686.059570	-76.194328
6696.826172	-77.842285
6707.592773	-77.402031
6718.359375	-79.000626
6729.125977	-78.900230
6739.892578	-77.629982
6750.659180	-78.643105
6761.425781	-77.432808
6772.192383	-79.456787
6782.958984	-76.402191
6793.725586	-73.304596
6804.492188	-74.238922
6815.258789	-76.018555
6826.025391	-78.479179
6836.791992	-81.119331
6847.558594	-79.141014
6858.325195	-75.909874
6869.091797	-74.512199
6879.858398	-75.350471
6890.625000	-75.075867
6901.391602	-74.935890
6912.158203	-74.320839
6922.924805	-77.960037
6933.691406	-75.199989
6944.458008	-76.164886
6955.224609	-78.167999
6965.991211	-79.447136
6976.757812	-83.404861
6987.524414	-77.629967
6998.291016	-80.564407
7009.057617	-79.403946
7019.824219	-76.628937
7030.590820	-76.207748
7041.357422	-76.221024
7052.124023	-75.968758
7062.890625	-76.297630
7073.657227	-77.140411
7084.423828	-77.239929
7095.190430	-79.967690
7105.957031	-77.416618
7116.723633	-73.498100
7127.490234	-73.413246
7138.256836	-78.805779
7149.023438	-80.576462
7159.790039	-79.388351
7170.556641	-76.668945
7181.323242	-74.499748
7192.089844	-73.987709
7202.856445	-72.976204
7213.623047	-74.600945
7224.389648	-76.659760
7235.156250	-75.574341
7245.922852	-75.536568
7256.689453	-74.954498
7267.456055	-74.856781
7278.222656	-74.207626
7288.989258	-78.012390
7299.755859	-82.127129
7310.522461	-81.505196
7321.289062	-77.474571
7332.055664	-75.612732
7342.822266	-75.756332
7353.588867	-75.376266
7364.355469	-74.032730
7375.122070	-74.470245
7385.888672	-75.659378
7396.655273	-79.954918
7407.421875	-79.530693
7418.188477	-79.049629
7428.955078	-77.501884
7439.721680	-76.583870
7450.488281	-77.814880
7461.254883	-85.517731
7472.021484	-82.469772
7482.788086	-80.220207
7493.554688	-78.345276
7504.321289	-75.780273
7515.087891	-78.567848
7525.854492	-80.896255
7536.621094	-80.283981
7547.387695	-77.270180
7558.154297	-74.224960
7568.920898	-78.161774
7579.687500	-81.267578
7590.454102	-78.863800
7601.220703	-80.345604
7611.987305	-78.136665
7622.753906	-75.240944
7633.520508	-77.648483
7644.287109	-80.460014
7655.053711	-78.068863
7665.820312	-77.553154
7676.586914	-79.972733
7687.353516	-78.351761
7698.120117	-78.539467
7708.886719	-79.224899
7719.653320	-80.352249
7730.419922	-77.648170
7741.186523	-77.327110
7751.953125	-77.626450
7762.719727	-80.246063
7773.486328	-77.230530
7784.252930	-76.109016
7795.019531	-78.516708
7805.786133	-77.703201
7816.552734	-78.657547
7827.319336	-78.312134
7838.085938	-80.747093
7848.852539	-75.136368
7859.619141	-76.592751
7870.385742	-78.124428
7881.152344	-78.275909
7891.918945	-80.287735
7902.685547	-79.428864
7913.452148	-80.771400
7924.218750	-81.364655
7934.985352	-78.570183
7945.751953	-77.222946
7956.518555	-76.990677
7967.285156	-78.751823
7978.051758	-78.353554
7988.818359	-77.251694
7999.584961	-81.032196
8010.351562	-76.719826
8021.118164	-74.482948
8031.884766	-76.054176
8042.651367	-76.426956
8053.417969	-77.659073
8064.184570	-75.753006
8074.951172	-78.479317
8085.717773	-82.403091
8096.484375	-80.555984
8107.250977	-81.641136
8118.017578	-80.251595
8128.784180	-79.513573
8139.550781	-76.669685
8150.317383	-78.249527
8161.083984	-79.861588
8171.850586	-79.648460
8182.617188	-78.903625
8193.383789	-79.002846
8204.150391	-79.640701
8214.916992	-79.258575
8225.683594	-76.952637
8236.450195	-78.836861
8247.216797	-83.467628
8257.983398	-81.955139
8268.750000	-79.295769
8279.516602	-78.252403
8290.283203	-79.432961
8301.049805	-79.074944
8311.816406	-80.635475
8322.583008	-80.626732
8333.349609	-75.861374
8344.116211	-78.727379
8354.882812	-80.452583
8365.649414	-80.998055
8376.416016	-79.096848
8387.182617	-81.817551
8397.949219	-80.305145
8408.715820	-79.489792
8419.482422	-79.407539
8430.249023	-78.281120
8441.015625	-78.315025
8451.782227	-77.385086
8462.548828	-77.075844
8473.315430	-77.426689
8484.082031	-79.029251
8494.848633	-78.932655
8505.615234	-77.075203
8516.381836	-78.289047
8527.148438	-81.741196
8537.915039	-78.007172
8548.681641	-77.376205
8559.448242	-78.591957
8570.214844	-79.672836
8580.981445	-82.911011
8591.748047	-80.195198
8602.514648	-77.191284
8613.281250	-79.457176
8624.047852	-79.924995
8634.814453	-80.627304
8645.581055	-76.828430
8656.347656	-77.590050
8667.114258	-80.965858
8677.880859	-82.601974
8688.647461	-80.492989
8699.414062	-78.311485
8710.180664	-81.112152
8720.947266	-81.227859
8731.713867	-82.269783
8742.480469	-78.748711
8753.247070	-75.615181
8764.013672	-80.732018
8774.780273	-85.528999
8785.546875	-82.850327
8796.313477	-79.942230
8807.080078	-77.833878
8817.846680	-78.561615
8828.613281	-79.816277
8839.379883	-81.686020
8850.146484	-84.152039
8860.913086	-80.013222
8871.679688	-83.489761
8882.446289	-79.869698
8893.212891	-78.714813
8903.979492	-81.376060
8914.746094	-81.488930
8925.512695	-78.458542
8936.279297	-78.809967
8947.045898	-81.479614
8957.812500	-82.016922
8968.579102	-79.560181
8979.345703	-82.494141
8990.112305	-77.711044
9000.878906	-74.491989
9011.645508	-79.398354
9022.412109	-85.225685
9033.178711	-81.072006
9043.945312	-81.977890
9054.711914	-86.895477
9065.478516	-83.301971
9076.245117	-86.491783
9087.011719	-83.312096
9097.778320	-83.593666
9108.544922	-83.992310
9119.311523	-80.073982
9130.078125	-78.354927
9140.844727	-77.397980
9151.611328	-79.378807
9162.377930	-77.988449
9173.144531	-79.754219
9183.911133	-81.423569
9194.677734	-82.666336
9205.444336	-82.411942
9216.210938	-81.114700
9226.977539	-86.581612
9237.744141	-84.690033
9248.510742	-81.749596
9259.277344	-79.079834
9270.043945	-77.325760
9280.810547	-75.794769
9291.577148	-75.638252
9302.343750	-77.013283
9313.110352	-81.816139
9323.876953	-81.797272
9334.643555	-79.737961
9345.410156	-80.311172
9356.176758	-80.835136
9366.943359	-80.009087
9377.709961	-81.628845
9388.476562	-83.688889
9399.243164	-82.871918
9410.009766	-79.689995
9420.776367	-79.074081
9431.542969	-77.546516
9442.309570	-75.763977
9453.076172	-81.052231
9463.842773	-80.655830
9474.609375	-80.083237
9485.375977	-81.252060
9496.142578	-81.239319
9506.909180	-80.104980
9517.675781	-80.685646
9528.442383	-84.031441
9539.208984	-84.991386
9549.975586	-80.561417
9560.742188	-80.402954
9571.508789	-83.344398
9582.275391	-83.789787
9593.041992	-82.498032
9603.808594	-84.589699
9614.575195	-87.303101
9625.341797	-82.600220
9636.108398	-82.317017
9646.875000	-84.958969
9657.641602	-79.186874
9668.408203	-77.877686
9679.174805	-78.792725
9689.941406	-79.640564
9700.708008	-81.248917
9711.474609	-79.690948
9722.241211	-80.097176
9733.007812	-80.273369
9743.774414	-83.820747
9754.541016	-82.564369
9765.307617	-81.360680
9776.074219	-82.427628
9786.840820	-82.158562
9797.607422	-78.979729
9808.374023	-78.196220
9819.140625	-80.226212
9829.907227	-81.233444
9840.673828	-80.691116
9851.440430	-80.116936
9862.207031	-80.581192
9872.973633	-83.400101
9883.740234	-84.617020
9894.506836	-80.434113
9905.273438	-78.240753
9916.040039	-79.796539
9926.806641	-83.300903
9937.573242	-86.366745
9948.339844	-84.490486
9959.106445	-82.241585
9969.873047	-80.630379
9980.639648	-82.106979
9991.406250	-85.416985
10002.172852	-80.200150
10012.939453	-78.671768
10023.706055	-83.735573
10034.472656	-82.784416
10045.239258	-86.874702
10056.005859	-83.557549
10066.772461	-80.714828
10077.539062	-82.516411
10088.305664	-86.197777
10099.072266	-85.574226
10109.838867	-82.243011
10120.605469	-82.547882
10131.372070	-81.860008
10142.138672	-81.963280
10152.905273	-86.219040
10163.671875	-84.632156
10174.438477	-87.768539
10185.205078	-84.257660
10195.971680	-85.806808
10206.738281	-84.762703
10217.504883	-83.588799
10228.271484	-84.991302
10239.038086	-86.866180
10249.804688	-82.643349
10260.571289	-80.813393
10271.337891	-85.708542
10282.104492	-90.863335
10292.871094	-83.962997
10303.637695	-81.116295
10314.404297	-80.937431
10325.170898	-82.503868
10335.937500	-85.901146
10346.704102	-84.781311
10357.470703	-81.749580
10368.237305	-81.658043
10379.003906	-81.676079
10389.770508	-81.693428
10400.537109	-78.160408
10411.303711	-80.394859
10422.070312	-81.455910
10432.836914	-85.420914
10443.603516	-83.449051
10454.370117	-82.594925
10465.136719	-82.704849
10475.903320	-81.199509
10486.669922	-83.022621
10497.436523	-79.238297
10508.203125	-79.241058
10518.969727	-81.842896
10529.736328	-82.972000
10540.502930	-84.665497
10551.269531	-82.560600
10562.036133	-82.305603
10572.802734	-82.977066
10583.569336	-85.455475
10594.335938	-88.872337
10605.102539	-87.854820
10615.869141	-87.398483
10626.635742	-87.297440
10637.402344	-84.947952
10648.168945	-84.351578
10658.935547	-83.450653
10669.702148	-84.010452
10680.468750	-82.728195
10691.235352	-81.369644
10702.001953	-80.712593
10712.768555	-82.080223
10723.535156	-83.925705
10734.301758	-89.324043
10745.068359	-87.703133
10755.834961	-85.047844
10766.601562	-84.064384
10777.368164	-81.505615
10788.134766	-81.699135
10798.901367	-80.939613
10809.667969	-80.460709
10820.434570	-82.989723
10831.201172	-83.779831
10841.967773	-83.161400
10852.734375	-83.924950
10863.500977	-83.191841
10874.267578	-83.858528
10885.034180	-83.561905
10895.800781	-80.952606
10906.567383	-80.621284
10917.333984	-81.225494
10928.100586	-83.277046
10938.867188	-83.349838
10949.633789	-83.256729
10960.400391	-80.042191
10971.166992	-82.963364
10981.933594	-84.712135
10992.700195	-83.664886
11003.466797	-84.711365
11014.233398	-82.560852
11025.000000	-80.986343
11035.766602	-83.367950
11046.533203	-88.533600
11057.299805	-86.353760
11068.066406	-83.142159
11078.833008	-81.576355
11089.599609	-83.572739
11100.366211	-84.427368
11111.132812	-82.873314
11121.899414	-82.361359
11132.666016	-83.612679
11143.432617	-83.079689
11154.199219	-82.290047
11164.965820	-83.275406
11175.732422	-83.212418
11186.499023	-85.121590
11197.265625	-87.029396
11208.032227	-86.558662
11218.798828	-86.032394
11229.565430	-83.459724
11240.332031	-81.246178
11251.098633	-80.026321
11261.865234	-81.151695
11272.631836	-81.265518
11283.398438	-82.417580
11294.165039	-85.265350
11304.931641	-83.854782
11315.698242	-84.484261
11326.464844	-88.724129
11337.231445	-85.824760
11347.998047	-85.072029
11358.764648	-81.791054
11369.531250	-83.373619
11380.297852	-83.807663
11391.064453	-81.936203
11401.831055	-80.255089
11412.597656	-85.145645
11423.364258	-85.277657
11434.130859	-81.827492
11444.897461	-83.120331
11455.664062	-79.660461
11466.430664	-81.680893
11477.197266	-85.634590
11487.963867	-85.871986
11498.730469	-85.654137
11509.497070	-84.066170
11520.263672	-88.942375
11531.030273	-91.756607
11541.796875	-87.260735
11552.563477	-83.434425
11563.330078	-82.968658
11574.096680	-86.915886
11584.863281	-86.126694
11595.629883	-85.700905
11606.396484	-85.170387
11617.163086	-82.367523
11627.929688	-81.489349
11638.696289	-82.349106
11649.462891	-84.232056
11660.229492	-85.835579
11670.996094	-85.949928
11681.762695	-86.357292
11692.529297	-90.135109
11703.295898	-85.879311
11714.062500	-84.607910
11724.829102	-85.071556
11735.595703	-86.656059
11746.362305	-91.682549
11757.128906	-89.019623
11767.895508	-85.459534
11778.662109	-85.481781
11789.428711	-87.837051
11800.195312	-83.062469
11810.961914	-85.312790
11821.728516	-90.807709
11832.495117	-85.611626
11843.261719	-83.940956
11854.028320	-85.143707
11864.794922	-84.280945
11875.561523	-87.842506
11886.328125	-84.265503
11897.094727	-80.935455
11907.861328	-82.724174
11918.627930	-82.537460
11929.394531	-86.620842
11940.161133	-84.123528
11950.927734	-82.211784
11961.694336	-82.402191
11972.460938	-85.446304
11983.227539	-85.797630
11993.994141	-86.468315
12004.760742	-82.861267
12015.527344	-81.113998
12026.293945	-85.282806
12037.060547	-87.669739
12047.827148	-85.737419
12058.593750	-85.816017
12069.360352	-86.215492
12080.126953	-82.457443
12090.893555	-83.003738
12101.660156	-83.707878
12112.426758	-84.393669
12123.193359	-84.808594
12133.959961	-86.183197
12144.726562	-85.265945
12155.493164	-84.385307
12166.259766	-81.789207
12177.026367	-80.233788
12187.792969	-83.220917
12198.559570	-83.786819
12209.326172	-83.164040
12220.092773	-88.045891
12230.859375	-90.363327
12241.625977	-87.717964
12252.392578	-87.482346
12263.159180	-86.509857
12273.925781	-84.621620
12284.692383	-85.423500
12295.458984	-82.821686
12306.225586	-81.605095
12316.992188	-86.065971
12327.758789	-89.916382
12338.525391	-87.797646
12349.291992	-84.194878
12360.058594	-84.462822
12370.825195	-85.317772
12381.591797	-85.429375
12392.358398	-88.014076
12403.125000	-90.880310
12413.891602	-92.784668
12424.658203	-88.472977
12435.424805	-86.845116
12446.191406	-85.996025
12456.958008	-85.410431
12467.724609	-85.565872
12478.491211	-86.248192
12489.257812	-82.073326
12500.024414	-83.099655
12510.791016	-87.287094
12521.557617	-83.997437
12532.324219	-82.163216
12543.090820	-85.007301
12553.857422	-90.843452
12564.624023	-86.533661
12575.390625	-85.223312
12586.157227	-81.647148
12596.923828	-83.500870
12607.690430	-88.750259
12618.457031	-88.081467
12629.223633	-82.918831
12639.990234	-82.543732
12650.756836	-86.208824
12661.523438	-85.316940
12672.290039	-83.076202
12683.056641	-83.086388
12693.823242	-84.943306
12704.589844	-85.043678
12715.356445	-86.884018
12726.123047	-88.132446
12736.889648	-86.290985
12747.656250	-85.775787
12758.422852	-86.183037
12769.189453	-87.621819
12779.956055	-85.746506
12790.722656	-87.235329
12801.489258	-86.857323
12812.255859	-83.217575
12823.022461	-84.340439
12833.789062	-89.181656
12844.555664	-87.273018
12855.322266	-86.958473
12866.088867	-90.374596
12876.855469	-89.974098
12887.622070	-88.991150
12898.388672	-86.513779
12909.155273	-85.703163
12919.921875	-85.092064
12930.688477	-91.850769
12941.455078	-97.260986
12952.221680	-92.056953
12962.988281	-88.950928
12973.754883	-87.607315
12984.521484	-85.712006
12995.288086	-87.421173
13006.054688	-86.283951
13016.821289	-85.763588
13027.587891	-86.514481
13038.354492	-88.426071
13049.121094	-89.099380
13059.887695	-86.478584
13070.654297	-84.468430
13081.420898	-86.494247
13092.187500	-89.134422
13102.954102	-87.089813
13113.720703	-89.349541
13124.487305	-88.218620
13135.253906	-90.460480
13146.020508	-92.558411
13156.787109	-93.329895
13167.553711	-91.753883
13178.320312	-92.839874
13189.086914	-84.889587
13199.853516	-84.936089
13210.620117	-86.935333
13221.386719	-85.277054
13232.153320	-84.711937
13242.919922	-85.043808
13253.686523	-89.502419
13264.453125	-89.119621
13275.219727	-84.822990
13285.986328	-85.842186
13296.752930	-88.758484
13307.519531	-84.225464
13318.286133	-86.926033
13329.052734	-86.541718
13339.819336	-87.872681
13350.585938	-88.547768
13361.352539	-86.354424
13372.119141	-85.750877
13382.885742	-83.796135
13393.652344	-85.540283
13404.418945	-85.513565
13415.185547	-84.273865
13425.952148	-87.116707
13436.718750	-84.537392
13447.485352	-87.348434
13458.251953	-87.089233
13469.018555	-85.929329
13479.785156	-84.738083
13490.551758	-83.608177
13501.318359	-83.233223
13512.084961	-86.334160
13522.851562	-86.930237
13533.618164	-85.269493
13544.384766	-84.282928
13555.151367	-86.537415
13565.917969	-87.851395
13576.684570	-86.870293
13587.451172	-87.390205
13598.217773	-90.436394
13608.984375	-87.574158
13619.750977	-86.685333
13630.517578	-86.292252
13641.284180	-86.158768
13652.050781	-87.574150
13662.817383	-89.527618
13673.583984	-86.801758
13684.350586	-86.380585
13695.117188	-91.434753
13705.883789	-89.213493
13716.650391	-86.141670
13727.416992	-86.995857
13738.183594	-87.341934
13748.950195	-85.953651
13759.716797	-86.294647
13770.483398	-86.792755
13781.250000	-84.408318
13792.016602	-84.310921
13802.783203	-87.039993
13813.549805	-89.975487
13824.316406	-88.692734
13835.083008	-84.097580
13845.849609	-84.888786
13856.616211	-85.148888
13867.382812	-86.801941
13878.149414	-86.015617
13888.916016	-84.478035
13899.682617	-84.708221
13910.449219	-85.310463
13921.215820	-86.568604
13931.982422	-88.422012
13942.749023	-87.851852
13953.515625	-87.689323
13964.282227	-89.348854
13975.048828	-90.007469
13985.815430	-86.191246
13996.582031	-90.002892
14007.348633	-87.782799
14018.115234	-91.374077
14028.881836	-89.757156
14039.648438	-89.360016
14050.415039	-91.352180
14061.181641	-88.010994
14071.948242	-84.760498
14082.714844	-87.640930
14093.481445	-91.966995
14104.248047	-90.984520
14115.014648	-89.732544
14125.781250	-88.784111
14136.547852	-87.332321
14147.314453	-89.023582
14158.081055	-86.442940
14168.847656	-86.195091
14179.614258	-88.139854
14190.380859	-93.864418
14201.147461	-90.470757
14211.914062	-89.755066
14222.680664	-87.210945
14233.447266	-87.113823
14244.213867	-85.704308
14254.980469	-86.010551
14265.747070	-86.310608
14276.513672	-87.063316
14287.280273	-86.434731
14298.046875	-87.699242
14308.813477	-89.639275
14319.580078	-90.725441
14330.346680	-91.461403
14341.113281	-85.243752
14351.879883	-89.352310
14362.646484	-90.237167
14373.413086	-89.876625
14384.179688	-91.068581
14394.946289	-90.233101
14405.712891	-89.833305
14416.479492	-90.919861
14427.246094	-90.390991
14438.012695	-86.883583
14448.779297	-86.336044
14459.545898	-85.513336
14470.312500	-90.801186
14481.079102	-99.923874
14491.845703	-97.277557
14502.612305	-90.998657
14513.378906	-88.032074
14524.145508	-88.667847
14534.912109	-85.707581
14545.678711	-85.280914
14556.445312	-91.138603
14567.211914	-94.014488
14577.978516	-90.591064
14588.745117	-91.319191
14599.511719	-86.226334
14610.278320	-85.559601
14621.044922	-84.387970
14631.811523	-88.182884
14642.578125	-88.947235
14653.344727	-90.648064
14664.111328	-89.483116
14674.877930	-88.849686
14685.644531	-88.998108
14696.411133	-89.653313
14707.177734	-87.658859
14717.944336	-88.069374
14728.710938	-87.454849
14739.477539	-87.061531
14750.244141	-86.340660
14761.010742	-89.937485
14771.777344	-90.411201
14782.543945	-86.972740
14793.310547	-91.303299
14804.077148	-90.753044
14814.843750	-87.232048
14825.610352	-89.549606
14836.376953	-87.994507
14847.143555	-88.500809
14857.910156	-89.376404
14868.676758	-91.306580
14879.443359	-89.328255
14890.209961	-89.389183
14900.976562	-89.870644
14911.743164	-87.779449
14922.509766	-88.037453
14933.276367	-90.835480
14944.042969	-89.464996
14954.809570	-86.937622
14965.576172	-87.754669
14976.342773	-88.885727
14987.109375	-83.220253
14997.875977	-79.348862
15008.642578	-84.237144
15019.409180	-90.112732
15030.175781	-87.878990
15040.942383	-85.166466
15051.708984	-85.300125
15062.475586	-91.325325
15073.242188	-93.377342
15084.008789	-89.552284
15094.775391	-88.514061
15105.541992	-85.936066
15116.308594	-86.878746
15127.075195	-88.320053
15137.841797	-90.009384
15148.608398	-88.058403
15159.375000	-86.766563
15170.141602	-90.407204
15180.908203	-90.845947
15191.674805	-90.897438
15202.441406	-96.370972
15213.208008	-89.561394
15223.974609	-93.434608
15234.741211	-90.796898
15245.507812	-88.045288
15256.274414	-92.539841
15267.041016	-90.594315
15277.807617	-87.444962
15288.574219	-86.992210
15299.340820	-87.638588
15310.107422	-92.274719
15320.874023	-91.038811
15331.640625	-86.364021
15342.407227	-88.967606
15353.173828	-91.580620
15363.940430	-91.650986
15374.707031	-91.822960
15385.473633	-94.236710
15396.240234	-90.178818
15407.006836	-87.755737
15417.773438	-89.666298
15428.540039	-94.164833
15439.306641	-91.129768
15450.073242	-92.802391
15460.839844	-94.132027
15471.606445	-91.549240
15482.373047	-89.252869
15493.139648	-92.729156
15503.906250	-91.131668
15514.672852	-88.553604
15525.439453	-91.059219
15536.206055	-97.647606
15546.972656	-89.311829
15557.739258	-88.810478
15568.505859	-89.996407
15579.272461	-91.441704
15590.039062	-90.276581
15600.805664	-93.828316
15611.572266	-90.161598
15622.338867	-87.309395
15633.105469	-88.414429
15643.872070	-88.377090
15654.638672	-87.303635
15665.405273	-89.215118
15676.171875	-90.984604
15686.938477	-91.695030
15697.705078	-90.413063
15708.471680	-91.562485
15719.238281	-89.402824
15730.004883	-90.205879
15740.771484	-94.577873
15751.538086	-96.613060
15762.304688	-89.806030
15773.071289	-86.758530
15783.837891	-87.551704
15794.604492	-91.559204
15805.371094	-93.891968
15816.137695	-89.586548
15826.904297	-89.236336
15837.670898	-89.589531
15848.437500	-90.422089
15859.204102	-88.946930
15869.970703	-90.464005
15880.737305	-89.763367
15891.503906	-90.658577
15902.270508	-92.039772
15913.037109	-91.162788
15923.803711	-88.386528
15934.570312	-90.102516
15945.336914	-90.596329
15956.103516	-90.912758
15966.870117	-93.211418
15977.636719	-93.067688
15988.403320	-89.450645
15999.169922	-89.851501
16009.936523	-89.397850
16020.703125	-91.087585
16031.469727	-91.988533
16042.236328	-91.796463
16053.002930	-90.583626
16063.769531	-89.388237
16074.536133	-90.931847
16085.302734	-94.134735
16096.069336	-89.384453
16106.835938	-89.484825
16117.602539	-84.484169
16128.369141	-85.326233
16139.135742	-90.107605
16149.902344	-87.976074
16160.668945	-88.232582
16171.435547	-88.475266
16182.202148	-89.714134
16192.968750	-88.759224
16203.735352	-88.623955
16214.501953	-90.683685
16225.268555	-89.177109
16236.035156	-89.109779
16246.801758	-91.831886
16257.568359	-91.104172
16268.334961	-90.889275
16279.101562	-90.913231
16289.868164	-92.097908
16300.634766	-93.190727
16311.401367	-92.459541
16322.167969	-89.998055
16332.934570	-91.399658
16343.701172	-90.542679
16354.467773	-89.103279
16365.234375	-93.489273
16376.000977	-91.939392
16386.767578	-91.869171
16397.534180	-92.549416
16408.300781	-92.992386
16419.067383	-91.798721
16429.833984	-91.437111
16440.600586	-90.926506
16451.367188	-90.642769
16462.133789	-87.120590
16472.900391	-88.439041
16483.666992	-90.311684
16494.433594	-89.626617
16505.200195	-91.355011
16515.966797	-92.112480
16526.733398	-93.988037
16537.500000	-92.323090
16548.266602	-91.747795
16559.033203	-94.095612
16569.799805	-87.474968
16580.566406	-88.139656
16591.333008	-91.544609
16602.099609	-89.524963
16612.866211	-88.620575
16623.632812	-90.269440
16634.399414	-95.129005
16645.166016	-89.858757
16655.932617	-89.459618
16666.699219	-90.475685
16677.465820	-92.196556
16688.232422	-89.468925
16698.999023	-91.717285
16709.765625	-97.916832
16720.532227	-89.317833
16731.298828	-86.168388
16742.065430	-87.721352
16752.832031	-87.621117
16763.598633	-88.181541
16774.365234	-91.599312
16785.131836	-91.291573
16795.898438	-90.194893
16806.665039	-91.186539
16817.431641	-92.046455
16828.198242	-92.785271
16838.964844	-90.594612
16849.731445	-88.983650
16860.498047	-92.262772
16871.264648	-92.352791
16882.031250	-89.837570
16892.797852	-88.328293
16903.564453	-88.662628
16914.331055	-93.159798
16925.097656	-90.915672
16935.864258	-93.696777
16946.630859	-90.392014
16957.397461	-88.074196
16968.164062	-90.267433
16978.930664	-90.438866
16989.697266	-91.070610
17000.463867	-94.253128
17011.230469	-94.429382
17021.997070	-92.684303
17032.763672	-90.001785
17043.530273	-88.023804
17054.296875	-89.592751
17065.063477	-89.756020
17075.830078	-88.547844
17086.596680	-85.520340
17097.363281	-87.666428
17108.129883	-91.735146
17118.896484	-89.434311
17129.663086	-91.125954
17140.429688	-92.638649
17151.196289	-90.916565
17161.962891	-92.779381
17172.729492	-93.817169
17183.496094	-91.127426
17194.262695	-96.704338
17205.029297	-97.582512
17215.795898	-94.526855
17226.562500	-94.372452
17237.329102	-88.403542
17248.095703	-87.845596
17258.862305	-93.538353
17269.628906	-91.754883
17280.395508	-91.277672
17291.162109	-92.581848
17301.928711	-92.865135
17312.695312	-91.706383
17323.461914	-92.940392
17334.228516	-99.823105
17344.995117	-92.017616
17355.761719	-96.797150
17366.528320	-93.037804
17377.294922	-92.212204
17388.061523	-89.877106
17398.828125	-90.049332
17409.594727	-91.257812
17420.361328	-91.364120
17431.127930	-88.863014
17441.894531	-90.583122
17452.661133	-92.801025
17463.427734	-91.192444
17474.194336	-92.614319
17484.960938	-91.065765
17495.727539	-90.809006
17506.494141	-90.614906
17517.260742	-88.648232
17528.027344	-89.547874
17538.793945	-89.196785
17549.560547	-89.517204
17560.327148	-91.228821
17571.093750	-92.145935
17581.860352	-92.341553
17592.626953	-91.602402
17603.393555	-91.419678
17614.160156	-93.890770
17624.926758	-94.276421
17635.693359	-93.130753
17646.459961	-95.320946
17657.226562	-94.311501
17667.993164	-91.654388
17678.759766	-91.777382
17689.526367	-92.418121
17700.292969	-92.157669
17711.059570	-92.938156
17721.826172	-89.347679
17732.592773	-92.768517
17743.359375	-93.119324
17754.125977	-90.229439
17764.892578	-90.787331
17775.659180	-95.885468
17786.425781	-96.394646
17797.192383	-90.304634
17807.958984	-90.999985
17818.725586	-96.412987
17829.492188	-92.463608
17840.258789	-91.669037
17851.025391	-89.153717
17861.791992	-88.727921
17872.558594	-92.150177
17883.325195	-92.670479
17894.091797	-91.802345
17904.858398	-94.790512
17915.625000	-94.256271
17926.391602	-90.601685
17937.158203	-92.794044
17947.924805	-94.710976
17958.691406	-91.198608
17969.458008	-94.344933
17980.224609	-93.825989
17990.991211	-95.218948
18001.757812	-97.650375
18012.524414	-93.275261
18023.291016	-91.261375
18034.057617	-93.421356
18044.824219	-95.907516
18055.590820	-92.103355
18066.357422	-97.559067
18077.124023	-96.017662
18087.890625	-94.767792
18098.657227	-91.021172
18109.423828	-91.566605
18120.190430	-91.890808
18130.957031	-92.158516
18141.723633	-92.329201
18152.490234	-94.240906
18163.256836	-99.070602
18174.023438	-92.904045
18184.790039	-91.437973
18195.556641	-92.494118
18206.323242	-91.345589
18217.089844	-91.278801
18227.856445	-92.559029
18238.623047	-92.017815
18249.389648	-91.207504
18260.156250	-93.119904
18270.922852	-93.099495
18281.689453	-92.910011
18292.456055	-88.911102
18303.222656	-91.174690
18313.989258	-92.391296
18324.755859	-94.693199
18335.522461	-93.292694
18346.289062	-89.024796
18357.055664	-90.823006
18367.822266	-97.920059
18378.588867	-96.432312
18389.355469	-99.282562
18400.122070	-93.841400
18410.888672	-90.853241
18421.655273	-91.745644
18432.421875	-96.121277
18443.188477	-94.556129
18453.955078	-93.612793
18464.721680	-92.014114
18475.488281	-91.263374
18486.254883	-93.229134
18497.021484	-94.912422
18507.788086	-94.878418
18518.554688	-93.828987
18529.321289	-90.218552
18540.087891	-90.871651
18550.854492	-93.711113
18561.621094	-99.087852
18572.387695	-96.847458
18583.154297	-92.385780
18593.920898	-88.969650
18604.687500	-90.481346
18615.454102	-91.034843
18626.220703	-89.078873
18636.987305	-89.675354
18647.753906	-92.498772
18658.520508	-94.977104
18669.287109	-101.354126
18680.053711	-97.822250
18690.820312	-97.463455
18701.586914	-97.210625
18712.353516	-94.669197
18723.120117	-93.984703
18733.886719	-98.304955
18744.653320	-93.353615
18755.419922	-92.456383
18766.186523	-93.403770
18776.953125	-90.929008
18787.719727	-92.604424
18798.486328	-98.419525
18809.252930	-96.440048
18820.019531	-94.176170
18830.786133	-93.977776
18841.552734	-91.163666
18852.319336	-89.450256
18863.085938	-88.518356
18873.852539	-90.443642
18884.619141	-94.454193
18895.385742	-95.116051
18906.152344	-94.972473
18916.918945	-96.612907
18927.685547	-98.473625
18938.452148	-93.827782
18949.218750	-93.480957
18959.985352	-92.360451
18970.751953	-90.295189
18981.518555	-93.075455
18992.285156	-93.830879
19003.051758	-94.195412
19013.818359	-97.972305
19024.584961	-94.789871
19035.351562	-93.356689
19046.118164	-94.758034
19056.884766	-95.762062
19067.651367	-95.119820
19078.417969	-92.294876
19089.184570	-89.217934
19099.951172	-88.945175
19110.717773	-92.160881
19121.484375	-94.211952
19132.250977	-95.449348
19143.017578	-94.176819
19153.784180	-94.266029
19164.550781	-93.898209
19175.317383	-90.998634
19186.083984	-91.041748
19196.850586	-90.334450
19207.617188	-90.933517
19218.383789	-99.387047
19229.150391	-96.263435
19239.916992	-97.930580
19250.683594	-103.105186
19261.450195	-93.885986
19272.216797	-92.311844
19282.983398	-90.983551
19293.750000	-88.903580
19304.516602	-90.992393
19315.283203	-91.715828
19326.049805	-93.370010
19336.816406	-100.488464
19347.583008	-92.346214
19358.349609	-91.830086
19369.116211	-91.126274
19379.882812	-93.657364
19390.649414	-96.643127
19401.416016	-95.376579
19412.182617	-91.306267
19422.949219	-92.458649
19433.715820	-92.414215
19444.482422	-95.130844
19455.249023	-91.884575
19466.015625	-92.161514
19476.782227	-95.481255
19487.548828	-95.813263
19498.315430	-98.113762
19509.082031	-93.310112
19519.848633	-92.240707
19530.615234	-93.872009
19541.381836	-94.399300
19552.148438	-96.101921
19562.915039	-93.356934
19573.681641	-92.174667
19584.448242	-91.789215
19595.214844	-92.432800
19605.981445	-94.075829
19616.748047	-91.032021
19627.514648	-90.564941
19638.281250	-92.510323
19649.047852	-92.173950
19659.814453	-91.189575
19670.581055	-92.624298
19681.347656	-93.428093
19692.114258	-93.223473
19702.880859	-95.643867
19713.647461	-93.614243
19724.414062	-91.311180
19735.180664	-91.202888
19745.947266	-92.013939
19756.713867	-92.391846
19767.480469	-94.216888
19778.247070	-93.653389
19789.013672	-91.440079
19799.780273	-90.372574
19810.546875	-95.515335
19821.313477	-96.039764
19832.080078	-96.049255
19842.846680	-95.120033
19853.613281	-93.914139
19864.379883	-91.342072
19875.146484	-92.205460
19885.913086	-97.390617
19896.679688	-101.074554
19907.446289	-104.186592
19918.212891	-95.964027
19928.979492	-94.033905
19939.746094	-91.375473
19950.512695	-92.713196
19961.279297	-95.040703
19972.045898	-90.919258
19982.812500	-91.726196
19993.579102	-95.372330
20004.345703	-96.312714
20015.112305	-96.246788
20025.878906	-94.186142
20036.645508	-93.479950
20047.412109	-90.823517
20058.178711	-92.609413
20068.945312	-96.409843
20079.711914	-91.964668
20090.478516	-92.164612
20101.245117	-93.520142
20112.011719	-93.680557
20122.778320	-95.445030
20133.544922	-93.043945
20144.311523	-91.326279
20155.078125	-91.593254
20165.844727	-92.316208
20176.611328	-95.869698
20187.377930	-93.385742
20198.144531	-90.701271
20208.911133	-91.988525
20219.677734	-95.128189
20230.444336	-95.946548
20241.210938	-93.697884
20251.977539	-92.636612
20262.744141	-93.941101
20273.510742	-92.910194
20284.277344	-93.977707
20295.043945	-97.964012
20305.810547	-93.164062
20316.577148	-96.002304
20327.343750	-94.899849
20338.110352	-94.262009
20348.876953	-92.538597
20359.643555	-91.748421
20370.410156	-92.895615
20381.176758	-92.991112
20391.943359	-94.135994
20402.709961	-92.950485
20413.476562	-90.320564
20424.243164	-90.422440
20435.009766	-94.323151
20445.776367	-96.609528
20456.542969	-95.678627
20467.309570	-91.615990
20478.076172	-90.783371
20488.842773	-95.849602
20499.609375	-97.161530
20510.375977	-92.817627
20521.142578	-94.002609
20531.909180	-90.889153
20542.675781	-90.488480
20553.442383	-89.259880
20564.208984	-94.247086
20574.975586	-97.924683
20585.742188	-99.711716
20596.508789	-95.134056
20607.275391	-92.221161
20618.041992	-89.599686
20628.808594	-91.950188
20639.575195	-94.658340
20650.341797	-92.473213
20661.108398	-91.917465
20671.875000	-94.917198
20682.641602	-95.434219
20693.408203	-94.617180
20704.174805	-92.342209
20714.941406	-94.193008
20725.708008	-95.788849
20736.474609	-92.306404
20747.241211	-94.015335
20758.007812	-100.009781
20768.774414	-97.743095
20779.541016	-95.182541
20790.307617	-92.238861
20801.074219	-93.238335
20811.840820	-95.592545
20822.607422	-95.450272
20833.374023	-98.290497
20844.140625	-100.681931
20854.907227	-95.212799
20865.673828	-92.961319
20876.440430	-93.878624
20887.207031	-94.329773
20897.973633	-95.156624
20908.740234	-96.455925
20919.506836	-95.442329
20930.273438	-94.126610
20941.040039	-94.376259
20951.806641	-99.640694
20962.573242	-93.003792
20973.339844	-93.459053
20984.106445	-96.550133
20994.873047	-95.825150
21005.639648	-93.227318
21016.406250	-90.843521
21027.172852	-91.873398
21037.939453	-94.017281
21048.706055	-93.898880
21059.472656	-98.052467
21070.239258	-96.365936
21081.005859	-93.796913
21091.772461	-91.988663
21102.539062	-92.650337
21113.305664	-94.919907
21124.072266	-97.450722
21134.838867	-94.823418
21145.605469	-93.217758
21156.372070	-93.472794
21167.138672	-92.842812
21177.905273	-93.793709
21188.671875	-97.316620
21199.438477	-97.320480
21210.205078	-94.718987
21220.971680	-92.654480
21231.738281	-94.481422
21242.504883	-95.510765
21253.271484	-95.840370
21264.038086	-94.384079
21274.804688	-91.405434
21285.571289	-93.382118
21296.337891	-92.573181
21307.104492	-93.078957
21317.871094	-96.615944
21328.637695	-96.652580
21339.404297	-97.520882
21350.170898	-94.239586
21360.937500	-95.044167
21371.704102	-94.331726
21382.470703	-96.044174
21393.237305	-97.272232
21404.003906	-94.838409
21414.770508	-92.742889
21425.537109	-92.572693
21436.303711	-97.366638
21447.070312	-94.927063
21457.836914	-96.174973
21468.603516	-95.871124
21479.370117	-98.085724
21490.136719	-99.154785
21500.903320	-95.363724
21511.669922	-93.666992
21522.436523	-96.243484
21533.203125	-96.617432
21543.969727	-94.867516
21554.736328	-96.934052
21565.502930	-96.133034
21576.269531	-96.648392
21587.036133	-99.227524
21597.802734	-96.603035
21608.569336	-95.173851
21619.335938	-97.430588
21630.102539	-95.656189
21640.869141	-94.341721
21651.635742	-97.299919
21662.402344	-102.268593
21673.168945	-99.552086
21683.935547	-97.285049
21694.702148	-94.896225
21705.468750	-96.159042
21716.235352	-98.258453
21727.001953	-97.397041
21737.768555	-95.380630
21748.535156	-96.409119
21759.301758	-96.776917
21770.068359	-94.870239
21780.834961	-93.165314
21791.601562	-94.042076
21802.368164	-94.184799
21813.134766	-94.266838
21823.901367	-93.323196
21834.667969	-97.112534
21845.434570	-98.719765
21856.201172	-96.352959
21866.967773	-97.663841
21877.734375	-97.171143
21888.500977	-95.113503
21899.267578	-98.332024
21910.034180	-99.898926
21920.800781	-93.517365
21931.567383	-96.668655
21942.333984	-96.206009
21953.100586	-97.211838
21963.867188	-101.167419
21974.633789	-99.820778
21985.400391	-96.018089
21996.166992	-92.680550
22006.933594	-95.089188
22017.700195	-103.690819
22028.466797	-100.058922
22039.233398	-98.683243
