Frequency (Hz)	Level (dB)
10.766602	-34.897175
21.533203	-36.355572
32.299805	-36.474751
43.066406	-28.542469
53.833008	-20.596888
64.599609	-16.708755
75.366211	-15.002898
86.132812	-18.978735
96.899414	-26.238573
107.666016	-27.324654
118.432617	-26.129261
129.199219	-22.593140
139.965820	-20.260319
150.732422	-23.634211
161.499023	-31.393099
172.265625	-35.521156
183.032227	-36.865364
193.798828	-35.918556
204.565430	-33.290489
215.332031	-30.630983
226.098633	-30.168026
236.865234	-32.337597
247.631836	-35.231564
258.398438	-36.276581
269.165039	-36.189053
279.931641	-34.702843
290.698242	-34.417015
301.464844	-34.223457
312.231445	-33.748028
322.998047	-34.758259
333.764648	-35.781281
344.531250	-36.678917
355.297852	-35.909878
366.064453	-33.050800
376.831055	-30.791399
387.597656	-30.537815
398.364258	-31.796759
409.130859	-34.428127
419.897461	-37.264927
430.664062	-38.632648
441.430664	-39.426517
452.197266	-39.420498
462.963867	-38.799641
473.730469	-37.911457
484.497070	-38.023983
495.263672	-39.622051
506.030273	-41.581230
516.796875	-42.396210
527.563477	-42.602467
538.330078	-42.105907
549.096680	-41.032398
559.863281	-39.999714
570.629883	-39.701443
581.396484	-39.964424
592.163086	-39.867455
602.929688	-40.095684
613.696289	-40.987350
624.462891	-41.368393
635.229492	-41.730118
645.996094	-41.981522
656.762695	-41.153900
667.529297	-41.226547
678.295898	-41.616764
689.062500	-41.449070
699.829102	-41.347027
710.595703	-41.416210
721.362305	-39.663078
732.128906	-41.140919
742.895508	-44.020508
753.662109	-43.715839
764.428711	-43.557068
775.195312	-44.824879
785.961914	-45.019630
796.728516	-42.712353
807.495117	-42.563332
818.261719	-40.896088
829.028320	-39.544132
839.794922	-38.056847
850.561523	-38.273930
861.328125	-41.706261
872.094727	-43.701485
882.861328	-43.886700
893.627930	-43.005177
904.394531	-42.900295
915.161133	-44.550030
925.927734	-45.905025
936.694336	-47.440598
947.460938	-49.088306
958.227539	-47.586216
968.994141	-47.132992
979.760742	-46.561146
990.527344	-46.958611
1001.293945	-48.339787
1012.060547	-48.606556
1022.827148	-48.924637
1033.593750	-48.879906
1044.360352	-48.408859
1055.126953	-48.267944
1065.893555	-47.322445
1076.660156	-47.334812
1087.426758	-48.063236
1098.193359	-47.954689
1108.959961	-48.556942
1119.726562	-49.615238
1130.493164	-49.059704
1141.259766	-49.164066
1152.026367	-48.919868
1162.792969	-48.028736
1173.559570	-46.942081
1184.326172	-45.990654
1195.092773	-47.086586
1205.859375	-47.830616
1216.625977	-45.629982
1227.392578	-43.460396
1238.159180	-44.481750
1248.925781	-46.074589
1259.692383	-44.812046
1270.458984	-44.519756
1281.225586	-46.423027
1291.992188	-47.142086
1302.758789	-46.037235
1313.525391	-43.929070
1324.291992	-44.940811
1335.058594	-46.162300
1345.825195	-46.901371
1356.591797	-46.062008
1367.358398	-45.732285
1378.125000	-45.115246
1388.891602	-44.410740
1399.658203	-43.914833
1410.424805	-43.952305
1421.191406	-45.283619
1431.958008	-45.581482
1442.724609	-44.651440
1453.491211	-44.315239
1464.257812	-44.029144
1475.024414	-43.931370
1485.791016	-44.085083
1496.557617	-43.114296
1507.324219	-43.818398
1518.090820	-44.385529
1528.857422	-43.414249
1539.624023	-41.875713
1550.390625	-43.015835
1561.157227	-43.991470
1571.923828	-43.813221
1582.690430	-43.499649
1593.457031	-42.251541
1604.223633	-43.046066
1614.990234	-44.166714
1625.756836	-42.878754
1636.523438	-42.069923
1647.290039	-42.330139
1658.056641	-42.749287
1668.823242	-42.149670
1679.589844	-41.435295
1690.356445	-42.349041
1701.123047	-44.343346
1711.889648	-45.883659
1722.656250	-46.944523
1733.422852	-46.324924
1744.189453	-45.546631
1754.956055	-46.312103
1765.722656	-47.194336
1776.489258	-48.578045
1787.255859	-49.878666
1798.022461	-50.160973
1808.789062	-49.606438
1819.555664	-49.506840
1830.322266	-49.932888
1841.088867	-51.453213
1851.855469	-51.730282
1862.622070	-50.693829
1873.388672	-50.024345
1884.155273	-50.902843
1894.921875	-51.166298
1905.688477	-52.508564
1916.455078	-51.813255
1927.221680	-50.343212
1937.988281	-50.062786
1948.754883	-50.995419
1959.521484	-50.845181
1970.288086	-49.721615
1981.054688	-50.249020
1991.821289	-49.748207
2002.587891	-48.891033
2013.354492	-48.520824
2024.121094	-48.160797
2034.887695	-46.964401
2045.654297	-46.380238
2056.420898	-46.960529
2067.187500	-47.366932
2077.954102	-47.714397
2088.720703	-48.230213
2099.487305	-48.193691
2110.253906	-48.662743
2121.020508	-48.140507
2131.787109	-46.237793
2142.553711	-44.555321
2153.320312	-44.689846
2164.086914	-45.323147
2174.853516	-45.157570
2185.620117	-45.028858
2196.386719	-45.530361
2207.153320	-45.786732
2217.919922	-45.799301
2228.686523	-45.722740
2239.453125	-45.429363
2250.219727	-45.469288
2260.986328	-44.153187
2271.752930	-43.520691
2282.519531	-44.110382
2293.286133	-45.085052
2304.052734	-45.464836
2314.819336	-45.035542
2325.585938	-45.208176
2336.352539	-43.320114
2347.119141	-44.017838
2357.885742	-45.380753
2368.652344	-46.564926
2379.418945	-44.854393
2390.185547	-44.620525
2400.952148	-45.814804
2411.718750	-44.877205
2422.485352	-44.313152
2433.251953	-44.535488
2444.018555	-44.904209
2454.785156	-45.226059
2465.551758	-45.195297
2476.318359	-44.787125
2487.084961	-45.249977
2497.851562	-46.127613
2508.618164	-46.230297
2519.384766	-45.858959
2530.151367	-46.324886
2540.917969	-45.859386
2551.684570	-46.456013
2562.451172	-47.191841
2573.217773	-46.588734
2583.984375	-46.348583
2594.750977	-46.448883
2605.517578	-46.679218
2616.284180	-46.319042
2627.050781	-45.511776
2637.817383	-46.492817
2648.583984	-47.134796
2659.350586	-47.636021
2670.117188	-48.252403
2680.883789	-49.177105
2691.650391	-49.644028
2702.416992	-49.350170
2713.183594	-49.741001
2723.950195	-51.107525
2734.716797	-51.790733
2745.483398	-51.719212
2756.250000	-50.912525
2767.016602	-51.191383
2777.783203	-52.326664
2788.549805	-53.289654
2799.316406	-53.644272
2810.083008	-54.368309
2820.849609	-54.753807
2831.616211	-54.708191
2842.382812	-55.752342
2853.149414	-54.857525
2863.916016	-54.935429
2874.682617	-56.122379
2885.449219	-56.227127
2896.215820	-55.914619
2906.982422	-55.487186
2917.749023	-56.098537
2928.515625	-57.207001
2939.282227	-57.063728
2950.048828	-57.159050
2960.815430	-55.692287
2971.582031	-55.169754
2982.348633	-56.892017
2993.115234	-57.364166
3003.881836	-56.372478
3014.648438	-55.684570
3025.415039	-55.533543
3036.181641	-56.030201
3046.948242	-57.829861
3057.714844	-57.250500
3068.481445	-57.340778
3079.248047	-56.320065
3090.014648	-56.257568
3100.781250	-56.891453
3111.547852	-56.522289
3122.314453	-55.157074
3133.081055	-54.748173
3143.847656	-54.324764
3154.614258	-53.412243
3165.380859	-54.058735
3176.147461	-53.978920
3186.914062	-53.804279
3197.680664	-52.091938
3208.447266	-52.289833
3219.213867	-53.177017
3229.980469	-52.801777
3240.747070	-52.995430
3251.513672	-53.584457
3262.280273	-53.297676
3273.046875	-53.566875
3283.813477	-53.878010
3294.580078	-53.232258
3305.346680	-52.434662
3316.113281	-52.942387
3326.879883	-52.928654
3337.646484	-53.174961
3348.413086	-54.311871
3359.179688	-54.575905
3369.946289	-54.521484
3380.712891	-55.043854
3391.479492	-56.280987
3402.246094	-55.193172
3413.012695	-53.825680
3423.779297	-53.848118
3434.545898	-54.232342
3445.312500	-54.416546
3456.079102	-54.596989
3466.845703	-55.456158
3477.612305	-56.038651
3488.378906	-55.542404
3499.145508	-55.144878
3509.912109	-53.924580
3520.678711	-53.669647
3531.445312	-54.753010
3542.211914	-55.622467
3552.978516	-55.269306
3563.745117	-55.189369
3574.511719	-55.181774
3585.278320	-54.545074
3596.044922	-55.094509
3606.811523	-54.801952
3617.578125	-54.834709
3628.344727	-54.552105
3639.111328	-54.829849
3649.877930	-52.334343
3660.644531	-52.437622
3671.411133	-55.033371
3682.177734	-56.624916
3692.944336	-56.240459
3703.710938	-55.767941
3714.477539	-56.504490
3725.244141	-57.145020
3736.010742	-57.096405
3746.777344	-57.656555
3757.543945	-58.636333
3768.310547	-58.592136
3779.077148	-59.265846
3789.843750	-58.901001
3800.610352	-58.910000
3811.376953	-59.492538
3822.143555	-60.323990
3832.910156	-60.332355
3843.676758	-59.880043
3854.443359	-60.124634
3865.209961	-61.202892
3875.976562	-61.830681
3886.743164	-61.913231
3897.509766	-61.441006
3908.276367	-61.532959
3919.042969	-61.762856
3929.809570	-62.385872
3940.576172	-62.270870
3951.342773	-61.583202
3962.109375	-60.982777
3972.875977	-60.934013
3983.642578	-61.387718
3994.409180	-61.614273
4005.175781	-62.287815
4015.942383	-63.074158
4026.708984	-63.419651
4037.475586	-63.404484
4048.242188	-63.618259
4059.008789	-63.744144
4069.775391	-63.772942
4080.541992	-63.917908
4091.308594	-64.212540
4102.075195	-63.366531
4112.841797	-62.352215
4123.608398	-62.072163
4134.375000	-61.872883
4145.141602	-62.502586
4155.908203	-63.019573
4166.674805	-62.717358
4177.441406	-62.354065
4188.208008	-62.601334
4198.974609	-63.201000
4209.741211	-63.292942
4220.507812	-63.028015
4231.274414	-63.525799
4242.041016	-63.493160
4252.807617	-63.251949
4263.574219	-64.056267
4274.340820	-63.688866
4285.107422	-63.196007
4295.874023	-62.692043
4306.640625	-62.967533
4317.407227	-62.299721
4328.173828	-63.997330
4338.940430	-65.071503
4349.707031	-64.171890
4360.473633	-63.529495
4371.240234	-62.919819
4382.006836	-63.184315
4392.773438	-63.323338
4403.540039	-62.275425
4414.306641	-62.720928
4425.073242	-63.914036
4435.839844	-63.497578
4446.606445	-63.020012
4457.373047	-63.538998
4468.139648	-63.723148
4478.906250	-62.022976
4489.672852	-62.707191
4500.439453	-62.780792
4511.206055	-62.484886
4521.972656	-62.458344
4532.739258	-61.769966
4543.505859	-63.164219
4554.272461	-63.859333
4565.039062	-62.468124
4575.805664	-61.912262
4586.572266	-62.365742
4597.338867	-62.716747
4608.105469	-63.122555
4618.872070	-62.576984
4629.638672	-63.136116
4640.405273	-64.015450
4651.171875	-63.762074
4661.938477	-62.931801
4672.705078	-61.859749
4683.471680	-61.350124
4694.238281	-61.252453
4705.004883	-61.638660
4715.771484	-61.288456
4726.538086	-61.480949
4737.304688	-61.112286
4748.071289	-61.535740
4758.837891	-59.268105
4769.604492	-58.642448
4780.371094	-59.218220
4791.137695	-60.255650
4801.904297	-60.526527
4812.670898	-60.745693
4823.437500	-60.892330
4834.204102	-60.184998
4844.970703	-59.655659
4855.737305	-59.905613
4866.503906	-60.877144
4877.270508	-61.550751
4888.037109	-61.746262
4898.803711	-61.916309
4909.570312	-60.814995
4920.336914	-61.489418
4931.103516	-62.045193
4941.870117	-61.564671
4952.636719	-61.861942
4963.403320	-64.162880
4974.169922	-63.655155
4984.936523	-63.939507
4995.703125	-63.833553
5006.469727	-63.672031
5017.236328	-64.220001
5028.002930	-63.225960
5038.769531	-63.057076
5049.536133	-62.848366
5060.302734	-62.900436
5071.069336	-63.346283
5081.835938	-64.014267
5092.602539	-63.903614
5103.369141	-63.895267
5114.135742	-64.814499
5124.902344	-65.447868
5135.668945	-65.849754
5146.435547	-64.305420
5157.202148	-63.748837
5167.968750	-64.015610
5178.735352	-64.734482
5189.501953	-65.994682
5200.268555	-65.709717
5211.035156	-65.599152
5221.801758	-66.214081
5232.568359	-66.733795
5243.334961	-66.958702
5254.101562	-66.632347
5264.868164	-67.491798
5275.634766	-67.319069
5286.401367	-66.688293
5297.167969	-67.608337
5307.934570	-67.327011
5318.701172	-67.379425
5329.467773	-67.545876
5340.234375	-67.104866
5351.000977	-66.641823
5361.767578	-66.584984
5372.534180	-66.701042
5383.300781	-66.689644
5394.067383	-66.792007
5404.833984	-66.788315
5415.600586	-66.532784
5426.367188	-67.061630
5437.133789	-67.626747
5447.900391	-67.901176
5458.666992	-66.627556
5469.433594	-65.659821
5480.200195	-65.402496
5490.966797	-66.225014
5501.733398	-66.192566
5512.500000	-65.733124
5523.266602	-65.421700
5534.033203	-65.237511
5544.799805	-64.630684
5555.566406	-63.726421
5566.333008	-63.614788
5577.099609	-63.993958
5587.866211	-63.263382
5598.632812	-63.321770
5609.399414	-63.351204
5620.166016	-63.519024
5630.932617	-64.334549
5641.699219	-63.944820
5652.465820	-64.035858
5663.232422	-63.138721
5673.999023	-62.007797
5684.765625	-61.986973
5695.532227	-62.404137
5706.298828	-62.076607
5717.065430	-62.510521
5727.832031	-62.668442
5738.598633	-62.609844
5749.365234	-63.139336
5760.131836	-64.605606
5770.898438	-64.095047
5781.665039	-63.794453
5792.431641	-65.022667
5803.198242	-64.288033
5813.964844	-64.095291
5824.731445	-64.531693
5835.498047	-64.290649
5846.264648	-64.099327
5857.031250	-64.768837
5867.797852	-65.214523
5878.564453	-64.698036
5889.331055	-64.533577
5900.097656	-64.647575
5910.864258	-64.310928
5921.630859	-65.078674
5932.397461	-66.008018
5943.164062	-65.552208
5953.930664	-65.250191
5964.697266	-65.850586
5975.463867	-66.384171
5986.230469	-65.865273
5996.997070	-66.421524
6007.763672	-65.811546
6018.530273	-65.435280
6029.296875	-67.368378
6040.063477	-68.371010
6050.830078	-68.368401
6061.596680	-66.742508
6072.363281	-66.059799
6083.129883	-66.239265
6093.896484	-66.572762
6104.663086	-67.151428
6115.429688	-68.289551
6126.196289	-68.051140
6136.962891	-68.101494
6147.729492	-68.000618
6158.496094	-67.899879
6169.262695	-67.889183
6180.029297	-67.732841
6190.795898	-67.370834
6201.562500	-66.728378
6212.329102	-67.119598
6223.095703	-67.490120
6233.862305	-67.672234
6244.628906	-68.396935
6255.395508	-68.416466
6266.162109	-68.712250
6276.928711	-68.630424
6287.695312	-68.729095
6298.461914	-68.311905
6309.228516	-68.399246
6319.995117	-68.364418
6330.761719	-67.817123
6341.528320	-67.318375
6352.294922	-67.359924
6363.061523	-67.808090
6373.828125	-67.891129
6384.594727	-67.440445
6395.361328	-66.741425
6406.127930	-66.563538
6416.894531	-66.994949
6427.661133	-67.509216
6438.427734	-67.437927
6449.194336	-67.598663
6459.960938	-67.563156
6470.727539	-68.538300
6481.494141	-68.361664
6492.260742	-68.013557
6503.027344	-66.934937
6513.793945	-67.080696
6524.560547	-67.618866
6535.327148	-68.191917
6546.093750	-68.326996
6556.860352	-68.583466
6567.626953	-68.929550
6578.393555	-66.995636
6589.160156	-67.499756
6599.926758	-68.617233
6610.693359	-68.703110
6621.459961	-68.363731
6632.226562	-68.000046
6642.993164	-67.807808
6653.759766	-67.394356
6664.526367	-66.846298
6675.292969	-67.231926
6686.059570	-66.373909
6696.826172	-64.950249
6707.592773	-63.928982
6718.359375	-64.724167
6729.125977	-66.036407
6739.892578	-66.149231
6750.659180	-65.392403
6761.425781	-65.391823
6772.192383	-65.414940
6782.958984	-65.041206
6793.725586	-65.557922
6804.492188	-65.489136
6815.258789	-65.718605
6826.025391	-65.891685
6836.791992	-67.468811
6847.558594	-66.580124
6858.325195	-66.004196
6869.091797	-66.606094
6879.858398	-65.609680
6890.625000	-66.242111
6901.391602	-65.864845
6912.158203	-66.256645
6922.924805	-66.654137
6933.691406	-66.359550
6944.458008	-66.147690
6955.224609	-65.924210
6965.991211	-66.572243
6976.757812	-66.386551
6987.524414	-65.993362
6998.291016	-65.734398
7009.057617	-65.209137
7019.824219	-66.072075
7030.590820	-67.662476
7041.357422	-67.156532
7052.124023	-66.263786
7062.890625	-67.158859
7073.657227	-66.859673
7084.423828	-67.165031
7095.190430	-67.634422
7105.957031	-66.712326
7116.723633	-66.274300
7127.490234	-66.245331
7138.256836	-67.044434
7149.023438	-66.869141
7159.790039	-65.970543
7170.556641	-66.650291
7181.323242	-66.692070
7192.089844	-67.011703
7202.856445	-67.888115
7213.623047	-66.908104
7224.389648	-65.636757
7235.156250	-65.453979
7245.922852	-65.657898
7256.689453	-64.751442
7267.456055	-63.441822
7278.222656	-62.792702
7288.989258	-63.620396
7299.755859	-65.818497
7310.522461	-66.203461
7321.289062	-65.941048
7332.055664	-66.630371
7342.822266	-67.316498
7353.588867	-66.614571
7364.355469	-64.812744
7375.122070	-63.129681
7385.888672	-63.252041
7396.655273	-65.041901
7407.421875	-65.236816
7418.188477	-64.808800
7428.955078	-65.017265
7439.721680	-66.028397
7450.488281	-66.704849
7461.254883	-66.827995
7472.021484	-67.555305
7482.788086	-65.161446
7493.554688	-64.922943
7504.321289	-67.002548
7515.087891	-65.704384
7525.854492	-65.555603
7536.621094	-66.191017
7547.387695	-68.543213
7558.154297	-67.922409
7568.920898	-67.052292
7579.687500	-66.798004
7590.454102	-67.184120
7601.220703	-67.906250
7611.987305	-66.757607
7622.753906	-65.619003
7633.520508	-65.470734
7644.287109	-65.708435
7655.053711	-65.650589
7665.820312	-64.809860
7676.586914	-65.317322
7687.353516	-67.315094
7698.120117	-66.219818
7708.886719	-63.099316
7719.653320	-63.671711
7730.419922	-66.207573
7741.186523	-66.280411
7751.953125	-65.058968
7762.719727	-66.560371
7773.486328	-68.950180
7784.252930	-67.719994
7795.019531	-67.399384
7805.786133	-67.097702
7816.552734	-67.317459
7827.319336	-67.346748
7838.085938	-66.262466
7848.852539	-65.499779
7859.619141	-64.681381
7870.385742	-64.790085
7881.152344	-65.335739
7891.918945	-64.727951
7902.685547	-63.212551
7913.452148	-61.697655
7924.218750	-62.126286
7934.985352	-63.461517
7945.751953	-63.551704
7956.518555	-63.824776
7967.285156	-63.942207
7978.051758	-63.697323
7988.818359	-62.550179
7999.584961	-62.278931
8010.351562	-62.608723
8021.118164	-63.778305
8031.884766	-64.531914
8042.651367	-63.972340
8053.417969	-64.457588
8064.184570	-64.632957
8074.951172	-64.153046
8085.717773	-64.650528
8096.484375	-64.420532
8107.250977	-61.094414
8118.017578	-60.780109
8128.784180	-63.520321
8139.550781	-64.840523
8150.317383	-62.183788
8161.083984	-61.164143
8171.850586	-61.177227
8182.617188	-62.156277
8193.383789	-62.066017
8204.150391	-61.027466
8214.916992	-60.673744
8225.683594	-64.671425
8236.450195	-65.359184
8247.216797	-63.482574
8257.983398	-60.365849
8268.750000	-59.883686
8279.516602	-62.112976
8290.283203	-62.216396
8301.049805	-62.051720
8311.816406	-61.766899
8322.583008	-61.541866
8333.349609	-61.670395
8344.116211	-62.110283
8354.882812	-62.450523
8365.649414	-62.569580
8376.416016	-62.903854
8387.182617	-64.165695
8397.949219	-63.798038
8408.715820	-63.137699
8419.482422	-61.372475
8430.249023	-59.507927
8441.015625	-59.348801
8451.782227	-60.567745
8462.548828	-60.712410
8473.315430	-59.835293
8484.082031	-60.088974
8494.848633	-63.598972
8505.615234	-63.165409
8516.381836	-60.602158
8527.148438	-61.161530
8537.915039	-63.778584
8548.681641	-63.009285
8559.448242	-62.268169
8570.214844	-60.748085
8580.981445	-61.037724
8591.748047	-63.059265
8602.514648	-62.011936
8613.281250	-62.296852
8624.047852	-63.116764
8634.814453	-62.041912
8645.581055	-60.762115
8656.347656	-61.924019
8667.114258	-64.569336
8677.880859	-63.673019
8688.647461	-62.843548
8699.414062	-63.119415
8710.180664	-63.762302
8720.947266	-62.969028
8731.713867	-62.247818
8742.480469	-63.048599
8753.247070	-63.541031
8764.013672	-62.379101
8774.780273	-64.280357
8785.546875	-64.319763
8796.313477	-62.199966
8807.080078	-59.418865
8817.846680	-60.870010
8828.613281	-65.309723
8839.379883	-65.330574
8850.146484	-65.995880
8860.913086	-65.561325
8871.679688	-67.491531
8882.446289	-68.368721
8893.212891	-68.059280
8903.979492	-66.909752
8914.746094	-66.334663
8925.512695	-65.280716
8936.279297	-65.411964
8947.045898	-66.904427
8957.812500	-66.369591
8968.579102	-66.677155
8979.345703	-65.964279
8990.112305	-65.066307
9000.878906	-65.856987
9011.645508	-66.372696
9022.412109	-63.916771
9033.178711	-64.847260
9043.945312	-66.538269
9054.711914	-66.589890
9065.478516	-64.511482
9076.245117	-63.325127
9087.011719	-64.154602
9097.778320	-64.277664
9108.544922	-64.383156
9119.311523	-64.606834
9130.078125	-66.055466
9140.844727	-63.637554
9151.611328	-61.516003
9162.377930	-60.792503
9173.144531	-62.370049
9183.911133	-63.331203
9194.677734	-62.873455
9205.444336	-63.155655
9216.210938	-64.777145
9226.977539	-64.035400
9237.744141	-64.427666
9248.510742	-64.682831
9259.277344	-65.863579
9270.043945	-66.580284
9280.810547	-64.766289
9291.577148	-64.604347
9302.343750	-65.367714
9313.110352	-63.676216
9323.876953	-62.463024
9334.643555	-62.791142
9345.410156	-63.455463
9356.176758	-63.839256
9366.943359	-64.135307
9377.709961	-65.368790
9388.476562	-65.288185
9399.243164	-64.694275
9410.009766	-63.379539
9420.776367	-63.261234
9431.542969	-63.788509
9442.309570	-63.141644
9453.076172	-63.561756
9463.842773	-62.536995
9474.609375	-63.015690
9485.375977	-63.028465
9496.142578	-62.674004
9506.909180	-62.121292
9517.675781	-60.660019
9528.442383	-61.952415
9539.208984	-63.480450
9549.975586	-62.231609
9560.742188	-63.779308
9571.508789	-63.741348
9582.275391	-63.503250
9593.041992	-63.740875
9603.808594	-64.589424
9614.575195	-65.439606
9625.341797	-64.884636
9636.108398	-63.857067
9646.875000	-63.661171
9657.641602	-64.292801
9668.408203	-62.995579
9679.174805	-63.072731
9689.941406	-63.693550
9700.708008	-64.130539
9711.474609	-64.520546
9722.241211	-66.452263
9733.007812	-65.710251
9743.774414	-65.978004
9754.541016	-65.082901
9765.307617	-64.885521
9776.074219	-66.239738
9786.840820	-67.238808
9797.607422	-67.654388
9808.374023	-67.533173
9819.140625	-66.695572
9829.907227	-65.339073
9840.673828	-65.441505
9851.440430	-64.533279
9862.207031	-63.959248
9872.973633	-64.216286
9883.740234	-65.556122
9894.506836	-67.391014
9905.273438	-66.142662
9916.040039	-66.499496
9926.806641	-68.186607
9937.573242	-67.562660
9948.339844	-66.931534
9959.106445	-66.316658
9969.873047	-67.075241
9980.639648	-66.925217
9991.406250	-66.521942
10002.172852	-65.845436
10012.939453	-68.118866
10023.706055	-66.801750
10034.472656	-66.703499
10045.239258	-68.016731
10056.005859	-66.670311
10066.772461	-65.045593
10077.539062	-66.504784
10088.305664	-67.839012
10099.072266	-68.967010
10109.838867	-66.702995
10120.605469	-65.546722
10131.372070	-66.815338
10142.138672	-68.668488
10152.905273	-67.901970
10163.671875	-69.449997
10174.438477	-69.044769
10185.205078	-69.268066
10195.971680	-68.412071
10206.738281	-67.198288
10217.504883	-67.455734
10228.271484	-69.279457
10239.038086	-69.454292
10249.804688	-69.010307
10260.571289	-68.654106
10271.337891	-67.682137
10282.104492	-66.172455
10292.871094	-67.112595
10303.637695	-67.746056
10314.404297	-66.566185
10325.170898	-66.902519
10335.937500	-66.735939
10346.704102	-66.692047
10357.470703	-66.453499
10368.237305	-66.261208
10379.003906	-65.595947
10389.770508	-66.058540
10400.537109	-67.940170
10411.303711	-68.440498
10422.070312	-67.341003
10432.836914	-67.843971
10443.603516	-66.898758
10454.370117	-67.293182
10465.136719	-68.924583
10475.903320	-69.935913
10486.669922	-67.823730
10497.436523	-67.659843
10508.203125	-66.758972
10518.969727	-66.641281
10529.736328	-67.904449
10540.502930	-68.147041
10551.269531	-68.393448
10562.036133	-67.841339
10572.802734	-65.733543
10583.569336	-66.335289
10594.335938	-69.136833
10605.102539	-69.826035
10615.869141	-69.100723
10626.635742	-68.337189
10637.402344	-66.729599
10648.168945	-68.054047
10658.935547	-70.640968
10669.702148	-69.194611
10680.468750	-67.324104
10691.235352	-67.779037
10702.001953	-68.618362
10712.768555	-67.807045
10723.535156	-68.510910
10734.301758	-68.696304
10745.068359	-69.502708
10755.834961	-70.599228
10766.601562	-70.813477
10777.368164	-71.148521
10788.134766	-70.395660
10798.901367	-70.776314
10809.667969	-71.448982
10820.434570	-72.285820
10831.201172	-71.884583
10841.967773	-71.860840
10852.734375	-72.034424
10863.500977	-70.508614
10874.267578	-72.719940
10885.034180	-74.070137
10895.800781	-74.496017
10906.567383	-73.389854
10917.333984	-72.671059
10928.100586	-72.546806
10938.867188	-71.807503
10949.633789	-70.227493
10960.400391	-68.778343
10971.166992	-69.316872
10981.933594	-71.067772
10992.700195	-71.257088
11003.466797	-71.756805
11014.233398	-71.561554
11025.000000	-69.616592
11035.766602	-68.692574
11046.533203	-68.590874
11057.299805	-67.753281
11068.066406	-67.754341
11078.833008	-68.584801
11089.599609	-68.693588
11100.366211	-69.757584
11111.132812	-71.962601
11121.899414	-70.806915
11132.666016	-70.269760
11143.432617	-71.977707
11154.199219	-71.893547
11164.965820	-72.260612
11175.732422	-68.745537
11186.499023	-68.341034
11197.265625	-71.662529
11208.032227	-72.032928
11218.798828	-71.559052
11229.565430	-73.281212
11240.332031	-74.836128
11251.098633	-74.945808
11261.865234	-74.183945
11272.631836	-73.837151
11283.398438	-74.723686
11294.165039	-73.652145
11304.931641	-72.773178
11315.698242	-72.722206
11326.464844	-72.900368
11337.231445	-72.254326
11347.998047	-71.738632
11358.764648	-72.402100
11369.531250	-71.293449
11380.297852	-71.467453
11391.064453	-71.783661
11401.831055	-69.223717
11412.597656	-69.610703
11423.364258	-68.549049
11434.130859	-68.941277
11444.897461	-70.801300
11455.664062	-71.038010
11466.430664	-70.187340
11477.197266	-71.274673
11487.963867	-71.070969
11498.730469	-71.096519
11509.497070	-70.772568
11520.263672	-71.388222
11531.030273	-71.182152
11541.796875	-69.790695
11552.563477	-69.802185
11563.330078	-71.214012
11574.096680	-70.958702
11584.863281	-72.635437
11595.629883	-72.989098
11606.396484	-72.148773
11617.163086	-71.180779
11627.929688	-70.121101
11638.696289	-70.252632
11649.462891	-69.920906
11660.229492	-69.029617
11670.996094	-69.622330
11681.762695	-70.153008
11692.529297	-69.106712
11703.295898	-69.038055
11714.062500	-70.374252
11724.829102	-71.489807
11735.595703	-71.161018
11746.362305	-70.495583
11757.128906	-70.424530
11767.895508	-69.811218
11778.662109	-70.387062
11789.428711	-71.979523
11800.195312	-72.451874
11810.961914	-70.292130
11821.728516	-70.222588
11832.495117	-71.552902
11843.261719	-71.589355
11854.028320	-70.871422
11864.794922	-70.773941
11875.561523	-70.537903
11886.328125	-70.602669
11897.094727	-71.553360
11907.861328	-72.446037
11918.627930	-72.016617
11929.394531	-71.591072
11940.161133	-71.586426
11950.927734	-71.908867
11961.694336	-71.318962
11972.460938	-71.589615
11983.227539	-71.064850
11993.994141	-71.572105
12004.760742	-72.615448
12015.527344	-73.206581
12026.293945	-73.882576
12037.060547	-74.016785
12047.827148	-73.599976
12058.593750	-74.388496
12069.360352	-73.717911
12080.126953	-72.340050
12090.893555	-70.354042
12101.660156	-70.568245
12112.426758	-72.400047
12123.193359	-72.280563
12133.959961	-73.480957
12144.726562	-74.171883
12155.493164	-75.228004
12166.259766	-74.365189
12177.026367	-74.442871
12187.792969	-74.400871
12198.559570	-73.543465
12209.326172	-73.275108
12220.092773	-73.082207
12230.859375	-73.612915
12241.625977	-75.290230
12252.392578	-75.861259
12263.159180	-76.382492
12273.925781	-75.385597
12284.692383	-75.649048
12295.458984	-76.117302
12306.225586	-75.714592
12316.992188	-74.576752
12327.758789	-74.548805
12338.525391	-74.470222
12349.291992	-74.822327
12360.058594	-75.460335
12370.825195	-73.794579
12381.591797	-72.980858
12392.358398	-73.524902
12403.125000	-72.679710
12413.891602	-73.519844
12424.658203	-75.105995
12435.424805	-74.047791
12446.191406	-73.530357
12456.958008	-74.127129
12467.724609	-73.121117
12478.491211	-73.413643
12489.257812	-75.568367
12500.024414	-75.277237
12510.791016	-75.779602
12521.557617	-74.560654
12532.324219	-73.509552
12543.090820	-76.186707
12553.857422	-75.097740
12564.624023	-74.178238
12575.390625	-73.612602
12586.157227	-73.935425
12596.923828	-75.129761
12607.690430	-76.364891
12618.457031	-76.068047
12629.223633	-75.570290
12639.990234	-75.224266
12650.756836	-74.515259
12661.523438	-75.839279
12672.290039	-76.803833
12683.056641	-76.967720
12693.823242	-76.620773
12704.589844	-75.828415
12715.356445	-74.126648
12726.123047	-73.496635
12736.889648	-73.759987
12747.656250	-74.525574
12758.422852	-75.535271
12769.189453	-75.994675
12779.956055	-76.978935
12790.722656	-76.334427
12801.489258	-74.635185
12812.255859	-74.615631
12823.022461	-75.028625
12833.789062	-75.253998
12844.555664	-75.825035
12855.322266	-76.519348
12866.088867	-77.008575
12876.855469	-76.669243
12887.622070	-77.062996
12898.388672	-77.857178
12909.155273	-76.752190
12919.921875	-75.288750
12930.688477	-74.553360
12941.455078	-75.501122
12952.221680	-76.973083
12962.988281	-75.623840
12973.754883	-75.058189
12984.521484	-75.158707
12995.288086	-77.184219
13006.054688	-76.570778
13016.821289	-77.145729
13027.587891	-77.799576
13038.354492	-77.158096
13049.121094	-78.254410
13059.887695	-78.643517
13070.654297	-77.984131
13081.420898	-77.802979
13092.187500	-77.754974
13102.954102	-77.569214
13113.720703	-76.462715
13124.487305	-76.270439
13135.253906	-76.934769
13146.020508	-77.567383
13156.787109	-77.808723
13167.553711	-78.207970
13178.320312	-78.542610
13189.086914	-79.534042
13199.853516	-80.345261
13210.620117	-80.080864
13221.386719	-79.991554
13232.153320	-79.340523
13242.919922	-78.021500
13253.686523	-76.672714
13264.453125	-76.962975
13275.219727	-77.380074
13285.986328	-77.005760
13296.752930	-76.974869
13307.519531	-78.510864
13318.286133	-79.648537
13329.052734	-77.752777
13339.819336	-77.282173
13350.585938	-77.552696
13361.352539	-77.735062
13372.119141	-77.922905
13382.885742	-77.927078
13393.652344	-77.913536
13404.418945	-78.512619
13415.185547	-79.374992
13425.952148	-79.516251
13436.718750	-79.062363
13447.485352	-79.835770
13458.251953	-79.325592
13469.018555	-78.480110
13479.785156	-78.164986
13490.551758	-77.814865
13501.318359	-77.927719
13512.084961	-79.290955
13522.851562	-79.734146
13533.618164	-79.856651
13544.384766	-79.595467
13555.151367	-80.072144
13565.917969	-80.273483
13576.684570	-80.317039
13587.451172	-79.368271
13598.217773	-78.944473
13608.984375	-78.568008
13619.750977	-77.991524
13630.517578	-78.598839
13641.284180	-79.571228
13652.050781	-80.584557
13662.817383	-80.390625
13673.583984	-80.042358
13684.350586	-79.226418
13695.117188	-78.453979
13705.883789	-77.990593
13716.650391	-77.147324
13727.416992	-76.622955
13738.183594	-76.720726
13748.950195	-77.624115
13759.716797	-78.863136
13770.483398	-80.351570
13781.250000	-79.864586
13792.016602	-79.545746
13802.783203	-79.186913
13813.549805	-78.818810
13824.316406	-79.379738
13835.083008	-78.402130
13845.849609	-78.306458
13856.616211	-79.589622
13867.382812	-79.047485
13878.149414	-78.477348
13888.916016	-78.066780
13899.682617	-79.695663
13910.449219	-79.514305
13921.215820	-79.194099
13931.982422	-79.513901
13942.749023	-79.108742
13953.515625	-80.180626
13964.282227	-79.109695
13975.048828	-79.647881
13985.815430	-80.121452
13996.582031	-79.975067
14007.348633	-78.760918
14018.115234	-78.785927
14028.881836	-78.912415
14039.648438	-79.593109
14050.415039	-80.607048
14061.181641	-80.182312
14071.948242	-80.077538
14082.714844	-79.443321
14093.481445	-79.173424
14104.248047	-79.117661
14115.014648	-79.042488
14125.781250	-78.977829
14136.547852	-79.294884
14147.314453	-79.099167
14158.081055	-78.910416
14168.847656	-78.938171
14179.614258	-80.129066
14190.380859	-79.969872
14201.147461	-80.461639
14211.914062	-81.682014
14222.680664	-79.903351
14233.447266	-79.480080
14244.213867	-80.477997
14254.980469	-79.216835
14265.747070	-79.487144
14276.513672	-79.932739
14287.280273	-80.069695
14298.046875	-80.806778
14308.813477	-80.539619
14319.580078	-80.792412
14330.346680	-81.156624
14341.113281	-79.786697
14351.879883	-79.290573
14362.646484	-79.663338
14373.413086	-80.229462
14384.179688	-81.212479
14394.946289	-82.241356
14405.712891	-82.105675
14416.479492	-80.612144
14427.246094	-80.130203
14438.012695	-81.927383
14448.779297	-81.911209
14459.545898	-81.494965
14470.312500	-80.936729
14481.079102	-81.070786
14491.845703	-82.009804
14502.612305	-81.957031
14513.378906	-81.634483
14524.145508	-81.938850
14534.912109	-82.055191
14545.678711	-82.983696
14556.445312	-83.304626
14567.211914	-82.019585
14577.978516	-81.856003
14588.745117	-80.194191
14599.511719	-79.471848
14610.278320	-80.079178
14621.044922	-80.982330
14631.811523	-81.390808
14642.578125	-81.507797
14653.344727	-81.409744
14664.111328	-82.423630
14674.877930	-81.775154
14685.644531	-82.104012
14696.411133	-82.591820
14707.177734	-82.644791
14717.944336	-82.812080
14728.710938	-82.552040
14739.477539	-81.651123
14750.244141	-80.353981
14761.010742	-79.710258
14771.777344	-80.170128
14782.543945	-81.385109
14793.310547	-82.866402
14804.077148	-83.741692
14814.843750	-82.974998
14825.610352	-82.959793
14836.376953	-83.687637
14847.143555	-84.398727
14857.910156	-84.786636
14868.676758	-85.754646
14879.443359	-85.573563
14890.209961	-85.264290
14900.976562	-85.660507
14911.743164	-85.306946
14922.509766	-83.718330
14933.276367	-84.227654
14944.042969	-84.851189
14954.809570	-83.582764
14965.576172	-83.814674
14976.342773	-84.415375
14987.109375	-84.311554
14997.875977	-82.651749
15008.642578	-83.534943
15019.409180	-85.034668
15030.175781	-84.999870
15040.942383	-85.811493
15051.708984	-85.933464
15062.475586	-86.033897
15073.242188	-85.820381
15084.008789	-85.843056
15094.775391	-86.169373
15105.541992	-86.392944
15116.308594	-85.995651
15127.075195	-85.791817
15137.841797	-84.978653
15148.608398	-85.186356
15159.375000	-85.752083
15170.141602	-86.010963
15180.908203	-86.551071
15191.674805	-87.035576
15202.441406	-87.039268
15213.208008	-86.631027
15223.974609	-86.043800
15234.741211	-85.776886
15245.507812	-85.115181
15256.274414	-85.962997
15267.041016	-86.015480
15277.807617	-85.174088
15288.574219	-84.717812
15299.340820	-83.988625
15310.107422	-84.078156
15320.874023	-84.836693
15331.640625	-85.551483
15342.407227	-86.320366
15353.173828	-86.144608
15363.940430	-85.709862
15374.707031	-86.019295
15385.473633	-87.142128
15396.240234	-87.652077
15407.006836	-88.050224
15417.773438	-88.000420
15428.540039	-87.832855
15439.306641	-88.124573
15450.073242	-87.407265
15460.839844	-87.507225
15471.606445	-86.822754
15482.373047	-86.804245
15493.139648	-86.258293
15503.906250	-86.574028
15514.672852	-87.155876
15525.439453	-87.548569
15536.206055	-88.466568
15546.972656	-88.408760
15557.739258	-88.384743
15568.505859	-88.272995
15579.272461	-88.521133
15590.039062	-89.017044
15600.805664	-88.941223
15611.572266	-89.096817
15622.338867	-89.638924
15633.105469	-90.428101
15643.872070	-90.183670
15654.638672	-90.279701
15665.405273	-90.576164
15676.171875	-91.354996
15686.938477	-92.636086
15697.705078	-93.320755
15708.471680	-93.112137
15719.238281	-92.764137
15730.004883	-93.090019
15740.771484	-94.255692
15751.538086	-95.598167
15762.304688	-97.307884
15773.071289	-99.495552
15783.837891	-101.552429
15794.604492	-102.441139
15805.371094	-102.866631
15816.137695	-102.585663
15826.904297	-102.670326
15837.670898	-102.391968
15848.437500	-101.930405
15859.204102	-102.150833
15869.970703	-102.928047
15880.737305	-104.427338
15891.503906	-106.217056
15902.270508	-107.276810
15913.037109	-106.818375
15923.803711	-107.142921
15934.570312	-106.718521
15945.336914	-106.056320
15956.103516	-106.016289
15966.870117	-106.282043
15977.636719	-106.520859
15988.403320	-107.502800
15999.169922	-109.007126
16009.936523	-111.468590
16020.703125	-114.564323
16031.469727	-118.319344
16042.236328	-121.026527
16053.002930	-121.572784
16063.769531	-121.815094
16074.536133	-122.256317
16085.302734	-122.398491
16096.069336	-122.481277
16106.835938	-122.744591
16117.602539	-122.827339
16128.369141	-122.639122
16139.135742	-122.716003
16149.902344	-122.907059
16160.668945	-122.987457
16171.435547	-123.265182
16182.202148	-122.837685
16192.968750	-122.240883
16203.735352	-122.152916
16214.501953	-121.802643
16225.268555	-121.512589
16236.035156	-121.269470
16246.801758	-121.131096
16257.568359	-121.248123
16268.334961	-121.521545
16279.101562	-121.847160
16289.868164	-122.161102
16300.634766	-122.497047
16311.401367	-122.765358
16322.167969	-122.664650
16332.934570	-122.645836
16343.701172	-122.554283
16354.467773	-122.448738
16365.234375	-122.115570
16376.000977	-122.308052
16386.767578	-122.505707
16397.534180	-122.354942
16408.300781	-122.231567
16419.067383	-122.475502
16429.833984	-122.471718
16440.600586	-122.147400
16451.367188	-121.395615
16462.133789	-120.764366
16472.900391	-120.608612
16483.666992	-120.734528
16494.433594	-120.834740
16505.200195	-121.374008
16515.966797	-121.805595
16526.733398	-122.341515
16537.500000	-122.543823
16548.266602	-122.649765
16559.033203	-122.865509
16569.799805	-122.703812
16580.566406	-122.825653
16591.333008	-123.109184
16602.099609	-123.148010
16612.866211	-122.974800
16623.632812	-123.071350
16634.399414	-122.913139
16645.166016	-122.872643
16655.932617	-123.025810
16666.699219	-123.175583
16677.465820	-123.173592
16688.232422	-122.898643
16698.999023	-123.332809
16709.765625	-123.549301
16720.532227	-123.282677
16731.298828	-123.206367
16742.065430	-122.973557
16752.832031	-122.863297
16763.598633	-122.849350
16774.365234	-122.951782
16785.131836	-123.348358
16795.898438	-123.395607
16806.665039	-123.303123
16817.431641	-122.957260
16828.198242	-122.765167
16838.964844	-122.804184
16849.731445	-123.099037
16860.498047	-123.159187
16871.264648	-123.130013
16882.031250	-123.171547
16892.797852	-122.990784
16903.564453	-123.116348
16914.331055	-123.189049
16925.097656	-123.151512
16935.864258	-123.061890
16946.630859	-123.041473
16957.397461	-123.028336
16968.164062	-123.143425
16978.930664	-123.085815
16989.697266	-122.988884
17000.463867	-123.090096
17011.230469	-123.142456
17021.997070	-123.213364
17032.763672	-123.075417
17043.530273	-123.002167
17054.296875	-122.756287
17065.063477	-122.908516
17075.830078	-123.246284
17086.596680	-123.264755
17097.363281	-123.222549
17108.129883	-123.275879
17118.896484	-123.204910
17129.663086	-123.014519
17140.429688	-123.086983
17151.196289	-123.136055
17161.962891	-123.224243
17172.729492	-122.988541
17183.496094	-122.957436
17194.262695	-123.337097
17205.029297	-123.366844
17215.795898	-123.084724
17226.562500	-123.299690
17237.329102	-123.178329
17248.095703	-123.071854
17258.862305	-123.104851
17269.628906	-123.037796
17280.395508	-123.015938
17291.162109	-123.101517
17301.928711	-123.077347
17312.695312	-123.170296
17323.461914	-122.999016
17334.228516	-122.997429
17344.995117	-123.047150
17355.761719	-123.094276
17366.528320	-123.196861
17377.294922	-123.373215
17388.061523	-123.243301
17398.828125	-123.052490
17409.594727	-123.177055
17420.361328	-123.359100
17431.127930	-123.363960
17441.894531	-122.990715
17452.661133	-122.942635
17463.427734	-123.225616
17474.194336	-123.191086
17484.960938	-122.858841
17495.727539	-122.994705
17506.494141	-123.016045
17517.260742	-122.852409
17528.027344	-123.038055
17538.793945	-123.354012
17549.560547	-123.268883
17560.327148	-122.950493
17571.093750	-123.094826
17581.860352	-122.989876
17592.626953	-123.133873
17603.393555	-123.129997
17614.160156	-123.225113
17624.926758	-123.346336
17635.693359	-123.269897
17646.459961	-123.301407
17657.226562	-123.252777
17667.993164	-123.210312
17678.759766	-123.058273
17689.526367	-122.805756
17700.292969	-123.022537
17711.059570	-123.141083
17721.826172	-123.141251
17732.592773	-123.023003
17743.359375	-122.926323
17754.125977	-123.088821
17764.892578	-123.138397
17775.659180	-123.163185
17786.425781	-123.250244
17797.192383	-123.139565
17807.958984	-122.900879
17818.725586	-123.048355
17829.492188	-123.108719
17840.258789	-123.115883
17851.025391	-123.049133
17861.791992	-122.860847
17872.558594	-123.058983
17883.325195	-123.348366
17894.091797	-123.246758
17904.858398	-122.900711
17915.625000	-122.789925
17926.391602	-123.115166
17937.158203	-123.037674
17947.924805	-123.064056
17958.691406	-123.106972
17969.458008	-123.153168
17980.224609	-123.138779
17990.991211	-123.356926
18001.757812	-123.257538
18012.524414	-123.278442
18023.291016	-122.951904
18034.057617	-122.993469
18044.824219	-123.386047
18055.590820	-123.311699
18066.357422	-123.233963
18077.124023	-123.069534
18087.890625	-122.888100
18098.657227	-122.908127
18109.423828	-123.143127
18120.190430	-123.167976
18130.957031	-123.187622
18141.723633	-123.066666
18152.490234	-123.141792
18163.256836	-123.321136
18174.023438	-122.960365
18184.790039	-122.748543
18195.556641	-122.830879
18206.323242	-123.097298
18217.089844	-123.223877
18227.856445	-123.219849
18238.623047	-123.118347
18249.389648	-122.927429
18260.156250	-123.226555
18270.922852	-123.346504
18281.689453	-123.537613
18292.456055	-123.365173
18303.222656	-123.118805
18313.989258	-123.193260
18324.755859	-123.059006
18335.522461	-123.141342
18346.289062	-123.319481
18357.055664	-123.365120
18367.822266	-123.148552
18378.588867	-123.126381
18389.355469	-123.094536
18400.122070	-122.973526
18410.888672	-123.042786
18421.655273	-122.985069
18432.421875	-123.388618
18443.188477	-123.419228
18453.955078	-123.213562
18464.721680	-122.999969
18475.488281	-123.065338
18486.254883	-123.271767
18497.021484	-123.238770
18507.788086	-123.218132
18518.554688	-123.327652
18529.321289	-123.335899
18540.087891	-122.963593
18550.854492	-123.180321
18561.621094	-123.080879
18572.387695	-123.055855
18583.154297	-123.049515
18593.920898	-123.534386
18604.687500	-123.501335
18615.454102	-123.407066
18626.220703	-123.347313
18636.987305	-123.335815
18647.753906	-123.184471
18658.520508	-123.335457
18669.287109	-123.308601
18680.053711	-123.073761
18690.820312	-123.273300
18701.586914	-123.176300
18712.353516	-123.462608
18723.120117	-123.371414
18733.886719	-123.224014
18744.653320	-123.215103
18755.419922	-123.208061
18766.186523	-123.179550
18776.953125	-123.114693
18787.719727	-123.009895
18798.486328	-123.183228
18809.252930	-123.315559
18820.019531	-123.103111
18830.786133	-123.143784
18841.552734	-123.196739
18852.319336	-123.346977
18863.085938	-123.130333
18873.852539	-123.106560
18884.619141	-123.188545
18895.385742	-123.120163
18906.152344	-122.839783
18916.918945	-123.051613
18927.685547	-123.315453
18938.452148	-123.481918
18949.218750	-123.332794
18959.985352	-123.127823
18970.751953	-123.197708
18981.518555	-123.104950
18992.285156	-123.088036
19003.051758	-123.163795
19013.818359	-123.430641
19024.584961	-123.370689
19035.351562	-123.392708
19046.118164	-123.225922
19056.884766	-123.146667
19067.651367	-123.342575
19078.417969	-123.302986
19089.184570	-123.444420
19099.951172	-123.502068
19110.717773	-123.396263
19121.484375	-123.365959
19132.250977	-123.250916
19143.017578	-123.279305
19153.784180	-123.242912
19164.550781	-123.204720
19175.317383	-123.270859
19186.083984	-123.132225
19196.850586	-123.238983
19207.617188	-123.581886
19218.383789	-123.245872
19229.150391	-123.113747
19239.916992	-123.375717
19250.683594	-123.653122
19261.450195	-123.451180
19272.216797	-123.332718
19282.983398	-123.525078
19293.750000	-123.313721
19304.516602	-123.478882
19315.283203	-123.435898
19326.049805	-123.265594
19336.816406	-123.166771
19347.583008	-123.172813
19358.349609	-123.079651
19369.116211	-123.202148
19379.882812	-123.594955
19390.649414	-123.619415
19401.416016	-123.469856
19412.182617	-123.344475
19422.949219	-123.346062
19433.715820	-123.236954
19444.482422	-123.208862
19455.249023	-123.221306
19466.015625	-123.318672
19476.782227	-123.348869
19487.548828	-123.300163
19498.315430	-123.345055
19509.082031	-123.190468
19519.848633	-123.363335
19530.615234	-123.220299
19541.381836	-123.168427
19552.148438	-123.271225
19562.915039	-123.329704
19573.681641	-123.369286
19584.448242	-123.425079
19595.214844	-123.502609
19605.981445	-123.279625
19616.748047	-123.399353
19627.514648	-123.355530
19638.281250	-123.198700
19649.047852	-123.410103
19659.814453	-123.407654
19670.581055	-123.294586
19681.347656	-123.306915
19692.114258	-123.366737
19702.880859	-123.306702
19713.647461	-123.326141
19724.414062	-123.015717
19735.180664	-123.271332
19745.947266	-123.496506
19756.713867	-123.342888
19767.480469	-123.334473
19778.247070	-123.517708
19789.013672	-123.698013
19799.780273	-123.511955
19810.546875	-123.826706
19821.313477	-123.504112
19832.080078	-123.373634
19842.846680	-123.572945
19853.613281	-123.597404
19864.379883	-123.389816
19875.146484	-123.515251
19885.913086	-123.584190
19896.679688	-123.645683
19907.446289	-123.714836
19918.212891	-124.100304
19928.979492	-123.760696
19939.746094	-123.408508
19950.512695	-123.443047
19961.279297	-123.615601
19972.045898	-123.564758
19982.812500	-123.372742
19993.579102	-123.560326
20004.345703	-123.602409
20015.112305	-123.678802
20025.878906	-123.601425
20036.645508	-123.422470
20047.412109	-123.533791
20058.178711	-123.819290
20068.945312	-123.651794
20079.711914	-123.495560
20090.478516	-123.523697
20101.245117	-123.416634
20112.011719	-123.524597
20122.778320	-123.572876
20133.544922	-123.437637
20144.311523	-123.618416
20155.078125	-123.756409
20165.844727	-123.855110
20176.611328	-123.377419
20187.377930	-123.498520
20198.144531	-123.570030
20208.911133	-123.509705
20219.677734	-123.497330
20230.444336	-123.722878
20241.210938	-123.757576
20251.977539	-123.541489
20262.744141	-123.570381
20273.510742	-123.386581
20284.277344	-123.588226
20295.043945	-123.692589
20305.810547	-123.800072
20316.577148	-123.663368
20327.343750	-123.582878
20338.110352	-123.632782
20348.876953	-123.788818
20359.643555	-123.925697
20370.410156	-123.659157
20381.176758	-123.638115
20391.943359	-123.492989
20402.709961	-123.649124
20413.476562	-123.850777
20424.243164	-123.945450
20435.009766	-124.009941
20445.776367	-123.836899
20456.542969	-123.751419
20467.309570	-123.862648
20478.076172	-123.789062
20488.842773	-123.559319
20499.609375	-123.640816
20510.375977	-123.758171
20521.142578	-123.941849
20531.909180	-123.786659
20542.675781	-123.969810
20553.442383	-123.986244
20564.208984	-123.847374
20574.975586	-123.930199
20585.742188	-123.821083
20596.508789	-123.747963
20607.275391	-123.891792
20618.041992	-124.033081
20628.808594	-123.756592
20639.575195	-123.913284
20650.341797	-124.122040
20661.108398	-123.932594
20671.875000	-123.802979
20682.641602	-123.953339
20693.408203	-123.839256
20704.174805	-123.526558
20714.941406	-123.643532
20725.708008	-124.197411
20736.474609	-124.201859
20747.241211	-123.800171
20758.007812	-123.875053
20768.774414	-123.883385
20779.541016	-123.942863
20790.307617	-123.918716
20801.074219	-124.181091
20811.840820	-124.317200
20822.607422	-124.151672
20833.374023	-124.041595
20844.140625	-123.854263
20854.907227	-123.868507
20865.673828	-124.009720
20876.440430	-124.160362
20887.207031	-124.162292
20897.973633	-124.058830
20908.740234	-124.185379
20919.506836	-124.069550
20930.273438	-123.707787
20941.040039	-123.815399
20951.806641	-124.169800
20962.573242	-124.413620
20973.339844	-124.133049
20984.106445	-123.731400
20994.873047	-123.608551
21005.639648	-123.871483
21016.406250	-123.946999
21027.172852	-124.112885
21037.939453	-124.091286
21048.706055	-124.014198
21059.472656	-124.002876
21070.239258	-124.119713
21081.005859	-123.972855
21091.772461	-123.978920
21102.539062	-124.204117
21113.305664	-124.123665
21124.072266	-124.064758
21134.838867	-124.114571
21145.605469	-123.899384
21156.372070	-124.178017
21167.138672	-124.146385
21177.905273	-124.079712
21188.671875	-123.804955
21199.438477	-123.878258
21210.205078	-124.160652
21220.971680	-124.138695
21231.738281	-124.054337
21242.504883	-124.127731
21253.271484	-124.311592
21264.038086	-124.151009
21274.804688	-124.376472
21285.571289	-124.285759
21296.337891	-123.974419
21307.104492	-124.018082
21317.871094	-124.116028
21328.637695	-124.180435
21339.404297	-124.252785
21350.170898	-124.265022
21360.937500	-124.324966
21371.704102	-123.937973
21382.470703	-123.763412
21393.237305	-123.992554
21404.003906	-123.940796
21414.770508	-124.168953
21425.537109	-124.190758
21436.303711	-124.287437
21447.070312	-124.331795
21457.836914	-124.271881
21468.603516	-124.235191
21479.370117	-124.226967
21490.136719	-124.442711
21500.903320	-124.219803
21511.669922	-124.303726
21522.436523	-124.151924
21533.203125	-124.118080
21543.969727	-123.863945
21554.736328	-124.201897
21565.502930	-124.371147
21576.269531	-124.394562
21587.036133	-124.299751
21597.802734	-124.115318
21608.569336	-124.388214
21619.335938	-124.543297
21630.102539	-124.649780
21640.869141	-124.459656
21651.635742	-124.232353
21662.402344	-124.128502
21673.168945	-124.299522
21683.935547	-124.267838
21694.702148	-124.246864
21705.468750	-124.360039
21716.235352	-124.509789
21727.001953	-124.487427
21737.768555	-124.455185
21748.535156	-124.299614
21759.301758	-124.386345
21770.068359	-124.803131
21780.834961	-124.664749
21791.601562	-124.650803
21802.368164	-124.465576
21813.134766	-124.325043
21823.901367	-124.281578
21834.667969	-124.160339
21845.434570	-124.172539
21856.201172	-124.271965
21866.967773	-124.279205
21877.734375	-124.153519
21888.500977	-124.218559
21899.267578	-124.126472
21910.034180	-124.176537
21920.800781	-124.479279
21931.567383	-124.356529
21942.333984	-124.294128
21953.100586	-124.377449
21963.867188	-124.051903
21974.633789	-124.383598
21985.400391	-124.772575
21996.166992	-124.606926
22006.933594	-124.326065
22017.700195	-124.242981
22028.466797	-124.113213
22039.233398	-124.249367
