Frequency (Hz)	Level (dB)
10.766602	-55.105450
21.533203	-52.367130
32.299805	-52.929787
43.066406	-54.328640
53.833008	-54.313709
64.599609	-55.435139
75.366211	-54.653515
86.132812	-58.586033
96.899414	-58.754871
107.666016	-56.243385
118.432617	-59.066807
129.199219	-61.669800
139.965820	-61.297222
150.732422	-58.294712
161.499023	-62.047291
172.265625	-63.595470
183.032227	-58.787426
193.798828	-59.998932
204.565430	-60.137249
215.332031	-55.430359
226.098633	-55.450020
236.865234	-61.416065
247.631836	-64.535210
258.398438	-61.521729
269.165039	-60.539726
279.931641	-61.309589
290.698242	-62.781414
301.464844	-65.020111
312.231445	-64.620323
322.998047	-63.183319
333.764648	-62.876354
344.531250	-62.394112
355.297852	-60.221668
366.064453	-57.492931
376.831055	-61.487190
387.597656	-62.134651
398.364258	-65.629852
409.130859	-65.331177
419.897461	-61.917767
430.664062	-59.157871
441.430664	-59.549374
452.197266	-62.804771
462.963867	-65.408516
473.730469	-61.321693
484.497070	-61.595974
495.263672	-62.649323
506.030273	-64.786514
516.796875	-62.333847
527.563477	-59.194103
538.330078	-60.222256
549.096680	-63.990047
559.863281	-64.492676
570.629883	-66.480057
581.396484	-61.448647
592.163086	-62.596588
602.929688	-63.904030
613.696289	-63.742817
624.462891	-66.899414
635.229492	-66.381104
645.996094	-68.536552
656.762695	-61.833893
667.529297	-62.691315
678.295898	-59.823071
689.062500	-60.426975
699.829102	-65.189964
710.595703	-64.220978
721.362305	-64.317490
732.128906	-63.225990
742.895508	-59.274002
753.662109	-59.665829
764.428711	-63.553429
775.195312	-63.536564
785.961914	-62.090500
796.728516	-59.981842
807.495117	-59.964897
818.261719	-59.250553
829.028320	-61.866199
839.794922	-65.402946
850.561523	-64.967873
861.328125	-66.603561
872.094727	-65.023972
882.861328	-65.053535
893.627930	-63.288410
904.394531	-64.006607
915.161133	-66.491638
925.927734	-64.257195
936.694336	-64.620857
947.460938	-62.257969
958.227539	-62.343624
968.994141	-62.375393
979.760742	-62.518658
990.527344	-65.100624
1001.293945	-64.141411
1012.060547	-63.027782
1022.827148	-63.524887
1033.593750	-63.510323
1044.360352	-60.844654
1055.126953	-61.589886
1065.893555	-71.657646
1076.660156	-65.425224
1087.426758	-63.882786
1098.193359	-63.871075
1108.959961	-62.430088
1119.726562	-62.851528
1130.493164	-63.016254
1141.259766	-60.889824
1152.026367	-62.435440
1162.792969	-61.594727
1173.559570	-59.379425
1184.326172	-62.076164
1195.092773	-61.721478
1205.859375	-63.864056
1216.625977	-66.375610
1227.392578	-64.182762
1238.159180	-63.662590
1248.925781	-67.361504
1259.692383	-63.943008
1270.458984	-61.261120
1281.225586	-62.868805
1291.992188	-66.371033
1302.758789	-62.047157
1313.525391	-61.051140
1324.291992	-62.560001
1335.058594	-65.759232
1345.825195	-70.103165
1356.591797	-66.242966
1367.358398	-64.882088
1378.125000	-64.187241
1388.891602	-59.984730
1399.658203	-64.384354
1410.424805	-63.713661
1421.191406	-67.952667
1431.958008	-67.906013
1442.724609	-64.991226
1453.491211	-63.773792
1464.257812	-61.760170
1475.024414	-63.104370
1485.791016	-66.201065
1496.557617	-65.037827
1507.324219	-67.821747
1518.090820	-63.067005
1528.857422	-61.019482
1539.624023	-63.147827
1550.390625	-62.676281
1561.157227	-61.951183
1571.923828	-63.531185
1582.690430	-63.556187
1593.457031	-64.644760
1604.223633	-62.700844
1614.990234	-63.551544
1625.756836	-64.902016
1636.523438	-68.714218
1647.290039	-65.783112
1658.056641	-62.750763
1668.823242	-61.836021
1679.589844	-62.619545
1690.356445	-65.986221
1701.123047	-64.378441
1711.889648	-61.369972
1722.656250	-63.866367
1733.422852	-60.954613
1744.189453	-61.263889
1754.956055	-63.715355
1765.722656	-67.069374
1776.489258	-66.808250
1787.255859	-67.635223
1798.022461	-67.123238
1808.789062	-61.674564
1819.555664	-61.359898
1830.322266	-62.745705
1841.088867	-63.395905
1851.855469	-63.199863
1862.622070	-66.094276
1873.388672	-65.369141
1884.155273	-62.678959
1894.921875	-63.177132
1905.688477	-64.313416
1916.455078	-62.923260
1927.221680	-63.631180
1937.988281	-62.877193
1948.754883	-63.952877
1959.521484	-68.265450
1970.288086	-66.368752
1981.054688	-62.842808
1991.821289	-62.302216
2002.587891	-64.601456
2013.354492	-61.136257
2024.121094	-60.696159
2034.887695	-65.134552
2045.654297	-65.813980
2056.420898	-63.075207
2067.187500	-67.910492
2077.954102	-65.429558
2088.720703	-64.183281
2099.487305	-68.038895
2110.253906	-64.867157
2121.020508	-62.578064
2131.787109	-64.827950
2142.553711	-62.139149
2153.320312	-61.432552
2164.086914	-62.907616
2174.853516	-73.224541
2185.620117	-64.510361
2196.386719	-62.913162
2207.153320	-65.549164
2217.919922	-65.163712
2228.686523	-61.647785
2239.453125	-62.615215
2250.219727	-67.365280
2260.986328	-64.680885
2271.752930	-64.863983
2282.519531	-62.252357
2293.286133	-63.536221
2304.052734	-63.462822
2314.819336	-63.041058
2325.585938	-63.050983
2336.352539	-62.607292
2347.119141	-64.929985
2357.885742	-63.623589
2368.652344	-64.434143
2379.418945	-62.900265
2390.185547	-61.849884
2400.952148	-58.620617
2411.718750	-60.535294
2422.485352	-62.924271
2433.251953	-62.271057
2444.018555	-63.846626
2454.785156	-65.625534
2465.551758	-62.283962
2476.318359	-62.600224
2487.084961	-66.752594
2497.851562	-66.362328
2508.618164	-64.706406
2519.384766	-66.264648
2530.151367	-63.097969
2540.917969	-60.299809
2551.684570	-62.151424
2562.451172	-65.315399
2573.217773	-63.079979
2583.984375	-61.036995
2594.750977	-60.481121
2605.517578	-62.695507
2616.284180	-62.660053
2627.050781	-60.231903
2637.817383	-65.505302
2648.583984	-66.751617
2659.350586	-63.995430
2670.117188	-64.587555
2680.883789	-66.360893
2691.650391	-67.746346
2702.416992	-64.122398
2713.183594	-62.673141
2723.950195	-68.927132
2734.716797	-65.211761
2745.483398	-65.170975
2756.250000	-70.072945
2767.016602	-67.084557
2777.783203	-64.174286
2788.549805	-67.724617
2799.316406	-72.617111
2810.083008	-70.712494
2820.849609	-66.861198
2831.616211	-62.768608
2842.382812	-63.180138
2853.149414	-62.844452
2863.916016	-61.400696
2874.682617	-61.280560
2885.449219	-62.114723
2896.215820	-62.044838
2906.982422	-61.923534
2917.749023	-65.977791
2928.515625	-68.278351
2939.282227	-63.653004
2950.048828	-63.029701
2960.815430	-60.815460
2971.582031	-61.576675
2982.348633	-62.760509
2993.115234	-63.417114
3003.881836	-63.521278
3014.648438	-64.933159
3025.415039	-67.269058
3036.181641	-64.158661
3046.948242	-62.296535
3057.714844	-62.280586
3068.481445	-62.195629
3079.248047	-64.309990
3090.014648	-65.997543
3100.781250	-63.938351
3111.547852	-63.011349
3122.314453	-63.310936
3133.081055	-60.846676
3143.847656	-60.662849
3154.614258	-63.631306
3165.380859	-66.057770
3176.147461	-62.513206
3186.914062	-64.223412
3197.680664	-67.361336
3208.447266	-65.222710
3219.213867	-64.841476
3229.980469	-66.409477
3240.747070	-66.351700
3251.513672	-64.300659
3262.280273	-60.707386
3273.046875	-63.253838
3283.813477	-65.354439
3294.580078	-66.553329
3305.346680	-69.468307
3316.113281	-64.099899
3326.879883	-58.374584
3337.646484	-59.438694
3348.413086	-59.724472
3359.179688	-59.381645
3369.946289	-65.332626
3380.712891	-64.901672
3391.479492	-63.324585
3402.246094	-66.353043
3413.012695	-66.103096
3423.779297	-64.535942
3434.545898	-64.995872
3445.312500	-66.881348
3456.079102	-67.322060
3466.845703	-63.743980
3477.612305	-64.240105
3488.378906	-66.970993
3499.145508	-64.027992
3509.912109	-66.141823
3520.678711	-64.145500
3531.445312	-62.511185
3542.211914	-62.533630
3552.978516	-64.022888
3563.745117	-66.877670
3574.511719	-62.999233
3585.278320	-64.170937
3596.044922	-66.644417
3606.811523	-67.634583
3617.578125	-66.161896
3628.344727	-66.864304
3639.111328	-64.966263
3649.877930	-64.771072
3660.644531	-64.669159
3671.411133	-63.383625
3682.177734	-63.036373
3692.944336	-66.859924
3703.710938	-67.521538
3714.477539	-63.477665
3725.244141	-62.334160
3736.010742	-64.882645
3746.777344	-63.398678
3757.543945	-61.841774
3768.310547	-61.652905
3779.077148	-63.558407
3789.843750	-63.507973
3800.610352	-65.773300
3811.376953	-65.165047
3822.143555	-63.592571
3832.910156	-63.718857
3843.676758	-65.099220
3854.443359	-63.710884
3865.209961	-61.422840
3875.976562	-62.234631
3886.743164	-63.803879
3897.509766	-62.292847
3908.276367	-62.737099
3919.042969	-63.375668
3929.809570	-66.204926
3940.576172	-61.138233
3951.342773	-61.881989
3962.109375	-62.978027
3972.875977	-65.983070
3983.642578	-64.118004
3994.409180	-62.471996
4005.175781	-63.513882
4015.942383	-66.339569
4026.708984	-65.755394
4037.475586	-69.589317
4048.242188	-67.080566
4059.008789	-69.114601
4069.775391	-66.564888
4080.541992	-64.606339
4091.308594	-67.812561
4102.075195	-69.650795
4112.841797	-69.390671
4123.608398	-63.078129
4134.375000	-64.891525
4145.141602	-65.581184
4155.908203	-63.489372
4166.674805	-63.837490
4177.441406	-62.501369
4188.208008	-62.269016
4198.974609	-62.773552
4209.741211	-65.941673
4220.507812	-65.310432
4231.274414	-63.009892
4242.041016	-61.416786
4252.807617	-68.711365
4263.574219	-68.773277
4274.340820	-68.960274
4285.107422	-66.387558
4295.874023	-70.187576
4306.640625	-69.740074
4317.407227	-65.985237
4328.173828	-68.301331
4338.940430	-66.003853
4349.707031	-62.779884
4360.473633	-62.522499
4371.240234	-65.432129
4382.006836	-64.142830
4392.773438	-63.780640
4403.540039	-65.738312
4414.306641	-70.328972
4425.073242	-64.816132
4435.839844	-60.009388
4446.606445	-59.796440
4457.373047	-59.855953
4468.139648	-63.382179
4478.906250	-65.614052
4489.672852	-66.440659
4500.439453	-67.560608
4511.206055	-64.583076
4521.972656	-67.671577
4532.739258	-68.940422
4543.505859	-68.171051
4554.272461	-66.637085
4565.039062	-66.392891
4575.805664	-64.899261
4586.572266	-67.834541
4597.338867	-65.487946
4608.105469	-63.379669
4618.872070	-62.870609
4629.638672	-61.532887
4640.405273	-64.864792
4651.171875	-65.437531
4661.938477	-61.533699
4672.705078	-61.070660
4683.471680	-63.654049
4694.238281	-66.946609
4705.004883	-64.156403
4715.771484	-64.789116
4726.538086	-64.296394
4737.304688	-69.742271
4748.071289	-66.863777
4758.837891	-65.233337
4769.604492	-63.751732
4780.371094	-64.301079
4791.137695	-62.124557
4801.904297	-61.997570
4812.670898	-62.503548
4823.437500	-63.154827
4834.204102	-64.684349
4844.970703	-61.853138
4855.737305	-64.399956
4866.503906	-65.540268
4877.270508	-65.772110
4888.037109	-66.114029
4898.803711	-66.515823
4909.570312	-70.579887
4920.336914	-67.666245
4931.103516	-65.508827
4941.870117	-63.970848
4952.636719	-64.998016
4963.403320	-69.536560
4974.169922	-69.606270
4984.936523	-70.989838
4995.703125	-67.753914
5006.469727	-62.611031
5017.236328	-61.824398
5028.002930	-63.382809
5038.769531	-64.618431
5049.536133	-64.544449
5060.302734	-62.691769
5071.069336	-64.480003
5081.835938	-63.868622
5092.602539	-60.980816
5103.369141	-61.090706
5114.135742	-65.771378
5124.902344	-67.058815
5135.668945	-64.817398
5146.435547	-67.872444
5157.202148	-72.613777
5167.968750	-67.239685
5178.735352	-63.573696
5189.501953	-62.510387
5200.268555	-65.538628
5211.035156	-67.949371
5221.801758	-65.685547
5232.568359	-63.593727
5243.334961	-63.608387
5254.101562	-63.035336
5264.868164	-68.040695
5275.634766	-73.025093
5286.401367	-64.690697
5297.167969	-65.419243
5307.934570	-65.902649
5318.701172	-63.987812
5329.467773	-67.357178
5340.234375	-68.554024
5351.000977	-69.226547
5361.767578	-65.325287
5372.534180	-65.446243
5383.300781	-69.314415
5394.067383	-64.566170
5404.833984	-65.095787
5415.600586	-65.067299
5426.367188	-65.890396
5437.133789	-64.131508
5447.900391	-62.313625
5458.666992	-65.175156
5469.433594	-62.472122
5480.200195	-63.046539
5490.966797	-65.821915
5501.733398	-63.249634
5512.500000	-64.920410
5523.266602	-66.256218
5534.033203	-68.001724
5544.799805	-67.528275
5555.566406	-68.173172
5566.333008	-62.880592
5577.099609	-65.212242
5587.866211	-67.131897
5598.632812	-68.088165
5609.399414	-64.175117
5620.166016	-63.581070
5630.932617	-62.823532
5641.699219	-62.646523
5652.465820	-66.932831
5663.232422	-69.546158
5673.999023	-65.656845
5684.765625	-64.690094
5695.532227	-64.004654
5706.298828	-67.163513
5717.065430	-64.031517
5727.832031	-63.353519
5738.598633	-63.138168
5749.365234	-63.882374
5760.131836	-67.312401
5770.898438	-65.477844
5781.665039	-65.298569
5792.431641	-63.569878
5803.198242	-64.084503
5813.964844	-69.784286
5824.731445	-65.425873
5835.498047	-65.192909
5846.264648	-67.770180
5857.031250	-62.687523
5867.797852	-61.471027
5878.564453	-65.072891
5889.331055	-68.980255
5900.097656	-65.880722
5910.864258	-64.346558
5921.630859	-66.899094
5932.397461	-70.935448
5943.164062	-67.344223
5953.930664	-66.668655
5964.697266	-65.994263
5975.463867	-62.858322
5986.230469	-62.246914
5996.997070	-65.531929
6007.763672	-66.939262
6018.530273	-65.063049
6029.296875	-65.429337
6040.063477	-66.962311
6050.830078	-63.903687
6061.596680	-64.066391
6072.363281	-67.022285
6083.129883	-67.820023
6093.896484	-64.316414
6104.663086	-63.250431
6115.429688	-61.976433
6126.196289	-63.378777
6136.962891	-65.765022
6147.729492	-67.805199
6158.496094	-67.472908
6169.262695	-68.711060
6180.029297	-65.483536
6190.795898	-68.283089
6201.562500	-67.398071
6212.329102	-62.993599
6223.095703	-63.088551
6233.862305	-65.009758
6244.628906	-65.921806
6255.395508	-64.101143
6266.162109	-67.229752
6276.928711	-71.716324
6287.695312	-66.192253
6298.461914	-63.167919
6309.228516	-63.768990
6319.995117	-63.224312
6330.761719	-61.752720
6341.528320	-63.252888
6352.294922	-65.234344
6363.061523	-64.551262
6373.828125	-63.041286
6384.594727	-63.509907
6395.361328	-65.066406
6406.127930	-64.941437
6416.894531	-65.301315
6427.661133	-64.524284
6438.427734	-63.354794
6449.194336	-63.704552
6459.960938	-64.881454
6470.727539	-69.781326
6481.494141	-65.108620
6492.260742	-62.800602
6503.027344	-63.377682
6513.793945	-62.999729
6524.560547	-62.723068
6535.327148	-65.880402
6546.093750	-64.556381
6556.860352	-63.135963
6567.626953	-64.458069
6578.393555	-62.566078
6589.160156	-61.156025
6599.926758	-62.269043
6610.693359	-65.636642
6621.459961	-65.774445
6632.226562	-65.426735
6642.993164	-67.822632
6653.759766	-73.101868
6664.526367	-71.801704
6675.292969	-73.077568
6686.059570	-67.230446
6696.826172	-63.682018
6707.592773	-66.687485
6718.359375	-65.488686
6729.125977	-65.991615
6739.892578	-65.213669
6750.659180	-63.929382
6761.425781	-66.908722
6772.192383	-69.384972
6782.958984	-65.426491
6793.725586	-67.974434
6804.492188	-65.946114
6815.258789	-65.811600
6826.025391	-63.544441
6836.791992	-61.504250
6847.558594	-65.063820
6858.325195	-68.822472
6869.091797	-66.196762
6879.858398	-64.394318
6890.625000	-63.673664
6901.391602	-67.013756
6912.158203	-67.189842
6922.924805	-62.035210
6933.691406	-63.637905
6944.458008	-64.905083
6955.224609	-64.884926
6965.991211	-65.136154
6976.757812	-61.821457
6987.524414	-61.880867
6998.291016	-67.692535
7009.057617	-69.418335
7019.824219	-68.141541
7030.590820	-65.543671
7041.357422	-67.910797
7052.124023	-68.411324
7062.890625	-73.604416
7073.657227	-69.483459
7084.423828	-68.848793
7095.190430	-68.620895
7105.957031	-68.331299
7116.723633	-62.640793
7127.490234	-63.650257
7138.256836	-66.555122
7149.023438	-65.328522
7159.790039	-63.410553
7170.556641	-66.951035
7181.323242	-71.237564
7192.089844	-67.852562
7202.856445	-65.907166
7213.623047	-63.345203
7224.389648	-64.174446
7235.156250	-63.297035
7245.922852	-65.587639
7256.689453	-67.127975
7267.456055	-64.795082
7278.222656	-67.397949
7288.989258	-63.467133
7299.755859	-61.731144
7310.522461	-63.280251
7321.289062	-66.181793
7332.055664	-66.280762
7342.822266	-65.341133
7353.588867	-65.309647
7364.355469	-65.857384
7375.122070	-66.262329
7385.888672	-67.083366
7396.655273	-66.034515
7407.421875	-66.358749
7418.188477	-71.332626
7428.955078	-68.161339
7439.721680	-67.054581
7450.488281	-68.432274
7461.254883	-68.680771
7472.021484	-69.839211
7482.788086	-71.510742
7493.554688	-68.305084
7504.321289	-67.168533
7515.087891	-68.693954
7525.854492	-66.464958
7536.621094	-63.635338
7547.387695	-66.341164
7558.154297	-68.774551
7568.920898	-64.542892
7579.687500	-62.829700
7590.454102	-64.251648
7601.220703	-64.901855
7611.987305	-68.007057
7622.753906	-72.673218
7633.520508	-70.125389
7644.287109	-66.094795
7655.053711	-65.692085
7665.820312	-65.610184
7676.586914	-70.574181
7687.353516	-66.965523
7698.120117	-68.589600
7708.886719	-68.098969
7719.653320	-62.144867
7730.419922	-61.230583
7741.186523	-65.716194
7751.953125	-67.892227
7762.719727	-68.241486
7773.486328	-64.156578
7784.252930	-61.623661
7795.019531	-63.226658
7805.786133	-65.438324
7816.552734	-68.175049
7827.319336	-67.388107
7838.085938	-67.473869
7848.852539	-68.003990
7859.619141	-64.837326
7870.385742	-62.104179
7881.152344	-66.118774
7891.918945	-67.373840
7902.685547	-65.028618
7913.452148	-68.508995
7924.218750	-69.831612
7934.985352	-64.895416
7945.751953	-64.350723
7956.518555	-68.785896
7967.285156	-69.315979
7978.051758	-65.187141
7988.818359	-65.987541
7999.584961	-67.400169
8010.351562	-65.322754
8021.118164	-65.869453
8031.884766	-64.251785
8042.651367	-63.858181
8053.417969	-67.146507
8064.184570	-64.552856
8074.951172	-67.291840
8085.717773	-69.033562
8096.484375	-63.123478
8107.250977	-61.835114
8118.017578	-66.451302
8128.784180	-68.644363
8139.550781	-67.694099
8150.317383	-66.059654
8161.083984	-68.574806
8171.850586	-68.153099
8182.617188	-65.281105
8193.383789	-67.168976
8204.150391	-69.532227
8214.916992	-70.881516
8225.683594	-70.056335
8236.450195	-68.056686
8247.216797	-68.207748
8257.983398	-66.507332
8268.750000	-64.054802
8279.516602	-64.474846
8290.283203	-65.587563
8301.049805	-65.759926
8311.816406	-69.305794
8322.583008	-67.460831
8333.349609	-66.280693
8344.116211	-64.923241
8354.882812	-64.703461
8365.649414	-70.763100
8376.416016	-69.032707
8387.182617	-63.208916
8397.949219	-64.323578
8408.715820	-65.599159
8419.482422	-63.463669
8430.249023	-63.984001
8441.015625	-67.336433
8451.782227	-67.178032
8462.548828	-67.593536
8473.315430	-63.405418
8484.082031	-64.782036
8494.848633	-65.792038
8505.615234	-64.525795
8516.381836	-71.235260
8527.148438	-63.623844
8537.915039	-64.201164
8548.681641	-69.669594
8559.448242	-72.464417
8570.214844	-69.769371
8580.981445	-68.288071
8591.748047	-68.733948
8602.514648	-67.063026
8613.281250	-67.857040
8624.047852	-65.256042
8634.814453	-69.013405
8645.581055	-67.456009
8656.347656	-67.320625
8667.114258	-67.507027
8677.880859	-66.884003
8688.647461	-71.735275
8699.414062	-66.268639
8710.180664	-67.364784
8720.947266	-64.063622
8731.713867	-64.485184
8742.480469	-66.459618
8753.247070	-65.627663
8764.013672	-67.142525
8774.780273	-66.631531
8785.546875	-67.215179
8796.313477	-67.292976
8807.080078	-64.005608
8817.846680	-63.897602
8828.613281	-63.239792
8839.379883	-64.687096
8850.146484	-67.198006
8860.913086	-70.155487
8871.679688	-66.373795
8882.446289	-72.196678
8893.212891	-70.744560
8903.979492	-69.104530
8914.746094	-67.705421
8925.512695	-65.029137
8936.279297	-63.343452
8947.045898	-68.798988
8957.812500	-68.003548
8968.579102	-65.855042
8979.345703	-68.104057
8990.112305	-63.825405
9000.878906	-62.836586
9011.645508	-69.906891
9022.412109	-66.632339
9033.178711	-65.656693
9043.945312	-69.000046
9054.711914	-70.697090
9065.478516	-68.363693
9076.245117	-65.184425
9087.011719	-64.007889
9097.778320	-66.160118
9108.544922	-67.358864
9119.311523	-69.013367
9130.078125	-69.717041
9140.844727	-69.084335
9151.611328	-67.404610
9162.377930	-66.385551
9173.144531	-65.829803
9183.911133	-65.778549
9194.677734	-64.788483
9205.444336	-65.274910
9216.210938	-62.524349
9226.977539	-63.136486
9237.744141	-64.673096
9248.510742	-65.214233
9259.277344	-64.671356
9270.043945	-67.311226
9280.810547	-67.712120
9291.577148	-69.584419
9302.343750	-69.114388
9313.110352	-65.034332
9323.876953	-68.445168
9334.643555	-65.868683
9345.410156	-66.015701
9356.176758	-66.725067
9366.943359	-69.920601
9377.709961	-66.172241
9388.476562	-66.837143
9399.243164	-71.047234
9410.009766	-68.785378
9420.776367	-68.862213
9431.542969	-69.377159
9442.309570	-64.377907
9453.076172	-62.399532
9463.842773	-66.854317
9474.609375	-72.163322
9485.375977	-67.796967
9496.142578	-66.444756
9506.909180	-68.339439
9517.675781	-66.216789
9528.442383	-65.640503
9539.208984	-65.265717
9549.975586	-66.342003
9560.742188	-70.736565
9571.508789	-68.367874
9582.275391	-66.395363
9593.041992	-66.618256
9603.808594	-65.025101
9614.575195	-65.013077
9625.341797	-68.271515
9636.108398	-73.304054
9646.875000	-68.287910
9657.641602	-67.913277
9668.408203	-64.705803
9679.174805	-66.630951
9689.941406	-66.331177
9700.708008	-66.404793
9711.474609	-64.128365
9722.241211	-64.221893
9733.007812	-64.757835
9743.774414	-65.717972
9754.541016	-67.735741
9765.307617	-67.141663
9776.074219	-69.961403
9786.840820	-67.745544
9797.607422	-67.623131
9808.374023	-67.514038
9819.140625	-66.543541
9829.907227	-65.063438
9840.673828	-66.639206
9851.440430	-68.807068
9862.207031	-70.860184
9872.973633	-68.470406
9883.740234	-68.103546
9894.506836	-65.776649
9905.273438	-68.182930
9916.040039	-66.335114
9926.806641	-66.684937
9937.573242	-66.318169
9948.339844	-68.078148
9959.106445	-66.011353
9969.873047	-65.105515
9980.639648	-63.291248
9991.406250	-66.922974
10002.172852	-66.174820
10012.939453	-66.541763
10023.706055	-69.049484
10034.472656	-66.703423
10045.239258	-66.092499
10056.005859	-64.235710
10066.772461	-64.903885
10077.539062	-64.099060
10088.305664	-66.158066
10099.072266	-71.068901
10109.838867	-72.122391
10120.605469	-71.549599
10131.372070	-68.898315
10142.138672	-67.136856
10152.905273	-65.714729
10163.671875	-69.027664
10174.438477	-69.474945
10185.205078	-69.766273
10195.971680	-67.047394
10206.738281	-66.161819
10217.504883	-68.959343
10228.271484	-65.818733
10239.038086	-65.030533
10249.804688	-64.903076
10260.571289	-65.746674
10271.337891	-67.129082
10282.104492	-66.307060
10292.871094	-68.704071
10303.637695	-66.456833
10314.404297	-68.294594
10325.170898	-66.476692
10335.937500	-67.354401
10346.704102	-65.363647
10357.470703	-64.541351
10368.237305	-66.196754
10379.003906	-64.165848
10389.770508	-65.443436
10400.537109	-66.383904
10411.303711	-67.730064
10422.070312	-67.124451
10432.836914	-74.128166
10443.603516	-74.603661
10454.370117	-71.338623
10465.136719	-68.003670
10475.903320	-66.982445
10486.669922	-68.990280
10497.436523	-71.650810
10508.203125	-66.507256
10518.969727	-63.386265
10529.736328	-63.433605
10540.502930	-66.193596
10551.269531	-68.939705
10562.036133	-68.226494
10572.802734	-68.135918
10583.569336	-68.731316
10594.335938	-64.018402
10605.102539	-66.558220
10615.869141	-70.530510
10626.635742	-69.942184
10637.402344	-69.050217
10648.168945	-69.031952
10658.935547	-66.822784
10669.702148	-65.472992
10680.468750	-66.279007
10691.235352	-63.422428
10702.001953	-65.059319
10712.768555	-68.768806
10723.535156	-66.705444
10734.301758	-68.886208
10745.068359	-67.299667
10755.834961	-67.165329
10766.601562	-67.890633
10777.368164	-72.623665
10788.134766	-71.186211
10798.901367	-70.171394
10809.667969	-68.666405
10820.434570	-67.152847
10831.201172	-67.084236
10841.967773	-73.372940
10852.734375	-70.202179
10863.500977	-70.322525
10874.267578	-67.062706
10885.034180	-65.291039
10895.800781	-67.437057
10906.567383	-68.949020
10917.333984	-68.144554
10928.100586	-67.562584
10938.867188	-67.548798
10949.633789	-67.978394
10960.400391	-64.821449
10971.166992	-64.411957
10981.933594	-65.095322
10992.700195	-65.019279
11003.466797	-65.228554
11014.233398	-66.022652
11025.000000	-65.876183
11035.766602	-66.016754
11046.533203	-65.703827
11057.299805	-67.405258
11068.066406	-68.626724
11078.833008	-68.015953
11089.599609	-64.658867
11100.366211	-65.160995
11111.132812	-67.730408
11121.899414	-68.555733
11132.666016	-68.199135
11143.432617	-66.426994
11154.199219	-65.180855
11164.965820	-65.975204
11175.732422	-63.662334
11186.499023	-65.884491
11197.265625	-67.663284
11208.032227	-66.777649
11218.798828	-66.657784
11229.565430	-68.848511
11240.332031	-68.855179
11251.098633	-67.115425
11261.865234	-66.081551
11272.631836	-67.774544
11283.398438	-66.855034
11294.165039	-69.951759
11304.931641	-69.533257
11315.698242	-64.823570
11326.464844	-64.269157
11337.231445	-71.006561
11347.998047	-67.050148
11358.764648	-65.003258
11369.531250	-69.473495
11380.297852	-75.821007
11391.064453	-72.949402
11401.831055	-69.510803
11412.597656	-69.966293
11423.364258	-64.878616
11434.130859	-67.570747
11444.897461	-67.817657
11455.664062	-67.074364
11466.430664	-69.027962
11477.197266	-66.994980
11487.963867	-67.605797
11498.730469	-69.068939
11509.497070	-69.216354
11520.263672	-70.307617
11531.030273	-68.500748
11541.796875	-66.892654
11552.563477	-66.763588
11563.330078	-64.493408
11574.096680	-65.387329
11584.863281	-69.676674
11595.629883	-69.821220
11606.396484	-68.077766
11617.163086	-68.934471
11627.929688	-69.884506
11638.696289	-69.918381
11649.462891	-65.038124
11660.229492	-67.441467
11670.996094	-67.443687
11681.762695	-67.133057
11692.529297	-66.187637
11703.295898	-66.324768
11714.062500	-71.655090
11724.829102	-69.112198
11735.595703	-67.129913
11746.362305	-72.258194
11757.128906	-68.877991
11767.895508	-71.823837
11778.662109	-70.611580
11789.428711	-66.120712
11800.195312	-68.211388
11810.961914	-69.120880
11821.728516	-67.540527
11832.495117	-69.378891
11843.261719	-71.915871
11854.028320	-67.942863
11864.794922	-65.714615
11875.561523	-70.868187
11886.328125	-73.141205
11897.094727	-68.990211
11907.861328	-67.030235
11918.627930	-66.118973
11929.394531	-65.819328
11940.161133	-64.658691
11950.927734	-67.876022
11961.694336	-68.695770
11972.460938	-67.683105
11983.227539	-74.775879
11993.994141	-69.198105
12004.760742	-65.072777
12015.527344	-68.585670
12026.293945	-70.365524
12037.060547	-69.230576
12047.827148	-69.983345
12058.593750	-70.152695
12069.360352	-71.598389
12080.126953	-71.281090
12090.893555	-69.055481
12101.660156	-69.125778
12112.426758	-67.303047
12123.193359	-67.162758
12133.959961	-70.362083
12144.726562	-75.333977
12155.493164	-69.156670
12166.259766	-71.758972
12177.026367	-68.721024
12187.792969	-69.937042
12198.559570	-69.814201
12209.326172	-67.449982
12220.092773	-66.643967
12230.859375	-67.751213
12241.625977	-65.928734
12252.392578	-67.990578
12263.159180	-68.128319
12273.925781	-69.928406
12284.692383	-66.154312
12295.458984	-68.643509
12306.225586	-66.638260
12316.992188	-69.486847
12327.758789	-70.530052
12338.525391	-67.642410
12349.291992	-68.096870
12360.058594	-65.873718
12370.825195	-66.757576
12381.591797	-71.970932
12392.358398	-72.195526
12403.125000	-68.722481
12413.891602	-63.724514
12424.658203	-64.652420
12435.424805	-68.391556
12446.191406	-71.176559
12456.958008	-72.341179
12467.724609	-69.162430
12478.491211	-68.003700
12489.257812	-78.398193
12500.024414	-68.999039
12510.791016	-68.028656
12521.557617	-70.430916
12532.324219	-72.901581
12543.090820	-70.038757
12553.857422	-68.492966
12564.624023	-66.508904
12575.390625	-66.953690
12586.157227	-69.400185
12596.923828	-69.201202
12607.690430	-67.162231
12618.457031	-66.463554
12629.223633	-65.531433
12639.990234	-64.886490
12650.756836	-67.268219
12661.523438	-71.046700
12672.290039	-67.351639
12683.056641	-68.768166
12693.823242	-70.434387
12704.589844	-71.075676
12715.356445	-69.289230
12726.123047	-69.146156
12736.889648	-72.722145
12747.656250	-68.479332
12758.422852	-67.216515
12769.189453	-68.956993
12779.956055	-71.151558
12790.722656	-73.128143
12801.489258	-75.418472
12812.255859	-72.528908
12823.022461	-67.421188
12833.789062	-69.248772
12844.555664	-72.042389
12855.322266	-67.848770
12866.088867	-67.240685
12876.855469	-68.528732
12887.622070	-71.072182
12898.388672	-71.071709
12909.155273	-66.986740
12919.921875	-69.266518
12930.688477	-67.662750
12941.455078	-66.059303
12952.221680	-66.155685
12962.988281	-69.894676
12973.754883	-72.490196
12984.521484	-73.415245
12995.288086	-73.004227
13006.054688	-74.406357
13016.821289	-71.688927
13027.587891	-70.975960
13038.354492	-71.358437
13049.121094	-69.264442
13059.887695	-67.447136
13070.654297	-67.362602
13081.420898	-69.974770
13092.187500	-67.940948
13102.954102	-71.420494
13113.720703	-68.133591
13124.487305	-65.812195
13135.253906	-67.131287
13146.020508	-69.866074
13156.787109	-67.575882
13167.553711	-69.750862
13178.320312	-72.600060
13189.086914	-72.357376
13199.853516	-69.307060
13210.620117	-67.158180
13221.386719	-67.014938
13232.153320	-69.947144
13242.919922	-76.694954
13253.686523	-68.426552
13264.453125	-66.489517
13275.219727	-65.341537
13285.986328	-66.573387
13296.752930	-68.180946
13307.519531	-68.872757
13318.286133	-73.097572
13329.052734	-71.767906
13339.819336	-69.587021
13350.585938	-69.098579
13361.352539	-68.787788
13372.119141	-68.030190
13382.885742	-69.327698
13393.652344	-67.093864
13404.418945	-67.406120
13415.185547	-71.831505
13425.952148	-69.814644
13436.718750	-72.491890
13447.485352	-71.540489
13458.251953	-69.228500
13469.018555	-67.451546
13479.785156	-72.230232
13490.551758	-69.453056
13501.318359	-68.823311
13512.084961	-71.602608
13522.851562	-71.237061
13533.618164	-69.149948
13544.384766	-69.115883
13555.151367	-73.037956
13565.917969	-68.138496
13576.684570	-66.316658
13587.451172	-67.733818
13598.217773	-69.112701
13608.984375	-69.345337
13619.750977	-71.487602
13630.517578	-71.061417
13641.284180	-72.076454
13652.050781	-72.946190
13662.817383	-73.267250
13673.583984	-72.063202
13684.350586	-76.338074
13695.117188	-72.671402
13705.883789	-68.442345
13716.650391	-69.721107
13727.416992	-68.939125
13738.183594	-69.672096
13748.950195	-70.003883
13759.716797	-70.529144
13770.483398	-70.921135
13781.250000	-69.958748
13792.016602	-69.054420
13802.783203	-67.895859
13813.549805	-66.797363
13824.316406	-67.243118
13835.083008	-73.451210
13845.849609	-72.249649
13856.616211	-69.828896
13867.382812	-71.253189
13878.149414	-69.296738
13888.916016	-66.927094
13899.682617	-68.121376
13910.449219	-71.321678
13921.215820	-70.812866
13931.982422	-69.311195
13942.749023	-70.395622
13953.515625	-72.368271
13964.282227	-68.434082
13975.048828	-65.241974
13985.815430	-67.580040
13996.582031	-68.782074
14007.348633	-69.807793
14018.115234	-66.967056
14028.881836	-68.412773
14039.648438	-68.853516
14050.415039	-68.113861
14061.181641	-70.018524
14071.948242	-74.673042
14082.714844	-69.250801
14093.481445	-66.858505
14104.248047	-68.049217
14115.014648	-68.616783
14125.781250	-68.934753
14136.547852	-67.990524
14147.314453	-73.153587
14158.081055	-77.025414
14168.847656	-68.287926
14179.614258	-66.976631
14190.380859	-68.256821
14201.147461	-67.419395
14211.914062	-68.212395
14222.680664	-69.774757
14233.447266	-67.513222
14244.213867	-69.664207
14254.980469	-67.761292
14265.747070	-67.037003
14276.513672	-70.339249
14287.280273	-68.603889
14298.046875	-68.887566
14308.813477	-72.915924
14319.580078	-73.955315
14330.346680	-70.071686
14341.113281	-70.849480
14351.879883	-68.405296
14362.646484	-67.892540
14373.413086	-69.918480
14384.179688	-72.078514
14394.946289	-68.213776
14405.712891	-66.565712
14416.479492	-68.853577
14427.246094	-72.958725
14438.012695	-73.903015
14448.779297	-68.920113
14459.545898	-66.919838
14470.312500	-71.871277
14481.079102	-68.334572
14491.845703	-67.728683
14502.612305	-67.660156
14513.378906	-70.908653
14524.145508	-70.082008
14534.912109	-72.769943
14545.678711	-72.743286
14556.445312	-67.321815
14567.211914	-69.131470
14577.978516	-68.709396
14588.745117	-68.560074
14599.511719	-73.107597
14610.278320	-73.119240
14621.044922	-75.095146
14631.811523	-73.027260
14642.578125	-69.580055
14653.344727	-70.139473
14664.111328	-67.788719
14674.877930	-67.393211
14685.644531	-69.099030
14696.411133	-69.866005
14707.177734	-68.469231
14717.944336	-69.134834
14728.710938	-72.323479
14739.477539	-71.582649
14750.244141	-66.246452
14761.010742	-66.141533
14771.777344	-68.401749
14782.543945	-71.918510
14793.310547	-69.291420
14804.077148	-74.281853
14814.843750	-75.979485
14825.610352	-70.822884
14836.376953	-70.010307
14847.143555	-70.217850
14857.910156	-69.163651
14868.676758	-70.602585
14879.443359	-70.385597
14890.209961	-70.185684
14900.976562	-70.737572
14911.743164	-71.211319
14922.509766	-70.676666
14933.276367	-72.157555
14944.042969	-69.016724
14954.809570	-70.325935
14965.576172	-72.647766
14976.342773	-67.343575
14987.109375	-70.029739
14997.875977	-68.279083
15008.642578	-70.276596
15019.409180	-71.302872
15030.175781	-70.829781
15040.942383	-72.281715
15051.708984	-70.779099
15062.475586	-70.960846
15073.242188	-68.866127
15084.008789	-68.635750
15094.775391	-69.424156
15105.541992	-66.234566
15116.308594	-65.603752
15127.075195	-68.843605
15137.841797	-71.935829
15148.608398	-71.025383
15159.375000	-69.534111
15170.141602	-70.366730
15180.908203	-69.048927
15191.674805	-67.284462
15202.441406	-69.341728
15213.208008	-68.453308
15223.974609	-71.063042
15234.741211	-71.901627
15245.507812	-71.359680
15256.274414	-71.706245
15267.041016	-70.525291
15277.807617	-70.245239
15288.574219	-73.618256
15299.340820	-71.410660
15310.107422	-70.913170
15320.874023	-81.177963
15331.640625	-71.388168
15342.407227	-70.111237
15353.173828	-70.822830
15363.940430	-70.741852
15374.707031	-68.793343
15385.473633	-68.809044
15396.240234	-64.851715
15407.006836	-65.846031
15417.773438	-70.007912
15428.540039	-72.591797
15439.306641	-74.115395
15450.073242	-71.137688
15460.839844	-69.430710
15471.606445	-71.010391
15482.373047	-70.487671
15493.139648	-70.953285
15503.906250	-72.119133
15514.672852	-72.404106
15525.439453	-70.043648
15536.206055	-74.230865
15546.972656	-70.186943
15557.739258	-70.126610
15568.505859	-74.659592
15579.272461	-71.241463
15590.039062	-69.839813
15600.805664	-74.942238
15611.572266	-74.294968
15622.338867	-71.632988
15633.105469	-72.842880
15643.872070	-68.753098
15654.638672	-66.772186
15665.405273	-67.753738
15676.171875	-67.353149
15686.938477	-69.912758
15697.705078	-68.542984
15708.471680	-70.233124
15719.238281	-71.201683
15730.004883	-69.141533
15740.771484	-69.788376
15751.538086	-70.207291
15762.304688	-69.102631
15773.071289	-68.639374
15783.837891	-69.962570
15794.604492	-71.311867
15805.371094	-72.833160
15816.137695	-70.862091
15826.904297	-70.684677
15837.670898	-70.454025
15848.437500	-69.238007
15859.204102	-68.767403
15869.970703	-69.382164
15880.737305	-70.469574
15891.503906	-71.517342
15902.270508	-74.170753
15913.037109	-67.985458
15923.803711	-70.477669
15934.570312	-70.443146
15945.336914	-69.225021
15956.103516	-72.634010
15966.870117	-75.278427
15977.636719	-70.882355
15988.403320	-70.334648
15999.169922	-69.434669
16009.936523	-68.728020
16020.703125	-70.250465
16031.469727	-70.586288
16042.236328	-69.554794
16053.002930	-73.247047
16063.769531	-70.227882
16074.536133	-68.337952
16085.302734	-68.740402
16096.069336	-70.730347
16106.835938	-72.288048
16117.602539	-69.412567
16128.369141	-67.951485
16139.135742	-69.081314
16149.902344	-71.228203
16160.668945	-69.378075
16171.435547	-67.062981
16182.202148	-65.429779
16192.968750	-68.548676
16203.735352	-71.884445
16214.501953	-69.898941
16225.268555	-71.269745
16236.035156	-70.718590
16246.801758	-70.056229
16257.568359	-72.023682
16268.334961	-72.415123
16279.101562	-69.965034
16289.868164	-71.546646
16300.634766	-71.162399
16311.401367	-72.005081
16322.167969	-70.319962
16332.934570	-69.303429
16343.701172	-71.888100
16354.467773	-70.605049
16365.234375	-72.071007
16376.000977	-72.177238
16386.767578	-67.901649
16397.534180	-70.201210
16408.300781	-74.377213
16419.067383	-72.092125
16429.833984	-69.710075
16440.600586	-71.678741
16451.367188	-71.826424
16462.133789	-68.319801
16472.900391	-68.683754
16483.666992	-69.879539
16494.433594	-71.094826
16505.200195	-70.947708
16515.966797	-70.691376
16526.733398	-72.914345
16537.500000	-75.864273
16548.266602	-72.463806
16559.033203	-71.993950
16569.799805	-70.220520
16580.566406	-67.681503
16591.333008	-66.717705
16602.099609	-66.902725
16612.866211	-68.394623
16623.632812	-69.498901
16634.399414	-67.048424
16645.166016	-67.495682
16655.932617	-70.536942
16666.699219	-71.185005
16677.465820	-67.901825
16688.232422	-70.178047
16698.999023	-72.582146
16709.765625	-74.438179
16720.532227	-72.920685
16731.298828	-73.273712
16742.065430	-69.869606
16752.832031	-69.537918
16763.598633	-70.202812
16774.365234	-73.319901
16785.131836	-74.040054
16795.898438	-69.550285
16806.665039	-68.554878
16817.431641	-70.295944
16828.198242	-74.516396
16838.964844	-78.464401
16849.731445	-72.459656
16860.498047	-69.026070
16871.264648	-69.698441
16882.031250	-71.759621
16892.797852	-69.762039
16903.564453	-69.097633
16914.331055	-69.701012
16925.097656	-66.693962
16935.864258	-66.522507
16946.630859	-69.960518
16957.397461	-72.574348
16968.164062	-69.353012
16978.930664	-69.378906
16989.697266	-70.327347
17000.463867	-70.251717
17011.230469	-70.377991
17021.997070	-68.888283
17032.763672	-69.640068
17043.530273	-71.464920
17054.296875	-72.238106
17065.063477	-67.790543
17075.830078	-69.133827
17086.596680	-71.737831
17097.363281	-70.264297
17108.129883	-75.670799
17118.896484	-71.254044
17129.663086	-69.818428
17140.429688	-68.393669
17151.196289	-67.218651
17161.962891	-67.793236
17172.729492	-68.896858
17183.496094	-69.152588
17194.262695	-68.490906
17205.029297	-66.603317
17215.795898	-68.235893
17226.562500	-71.436165
17237.329102	-68.857307
17248.095703	-70.199623
17258.862305	-72.954567
17269.628906	-69.457733
17280.395508	-69.417305
17291.162109	-69.368462
17301.928711	-71.917175
17312.695312	-76.992020
17323.461914	-76.046112
17334.228516	-74.124756
17344.995117	-74.137863
17355.761719	-76.445206
17366.528320	-72.149231
17377.294922	-70.893654
17388.061523	-71.784271
17398.828125	-71.161301
17409.594727	-70.586372
17420.361328	-70.660286
17431.127930	-70.340286
17441.894531	-73.443123
17452.661133	-74.667320
17463.427734	-71.051598
17474.194336	-70.109253
17484.960938	-72.945053
17495.727539	-74.448616
17506.494141	-70.466408
17517.260742	-66.894348
17528.027344	-69.822464
17538.793945	-71.093628
17549.560547	-73.492943
17560.327148	-72.744087
17571.093750	-75.069031
17581.860352	-72.181046
17592.626953	-72.101151
17603.393555	-72.305840
17614.160156	-71.540871
17624.926758	-70.613503
17635.693359	-71.317924
17646.459961	-72.386070
17657.226562	-72.789032
17667.993164	-72.600449
17678.759766	-70.827881
17689.526367	-68.048393
17700.292969	-68.472610
17711.059570	-73.416183
17721.826172	-73.547585
17732.592773	-70.514587
17743.359375	-72.161690
17754.125977	-72.814522
17764.892578	-72.886681
17775.659180	-72.011551
17786.425781	-72.447784
17797.192383	-71.395149
17807.958984	-72.152214
17818.725586	-73.218925
17829.492188	-72.513351
17840.258789	-70.174431
17851.025391	-69.404778
17861.791992	-68.285492
17872.558594	-67.003418
17883.325195	-70.211884
17894.091797	-70.900330
17904.858398	-75.867020
17915.625000	-73.698654
17926.391602	-72.197037
17937.158203	-70.752159
17947.924805	-69.469330
17958.691406	-69.289841
17969.458008	-68.211128
17980.224609	-66.727722
17990.991211	-70.239357
18001.757812	-72.068039
18012.524414	-73.480942
18023.291016	-74.517654
18034.057617	-73.433746
18044.824219	-71.768730
18055.590820	-74.499207
18066.357422	-74.488029
18077.124023	-72.426247
18087.890625	-69.841492
18098.657227	-69.619164
18109.423828	-69.420654
18120.190430	-70.961510
18130.957031	-73.251953
18141.723633	-74.511345
18152.490234	-68.025635
18163.256836	-69.704895
18174.023438	-72.360611
18184.790039	-69.558701
18195.556641	-69.664108
18206.323242	-72.966232
18217.089844	-71.042358
18227.856445	-68.128204
18238.623047	-68.158981
18249.389648	-68.496758
18260.156250	-68.711678
18270.922852	-70.802818
18281.689453	-72.664070
18292.456055	-75.598640
18303.222656	-75.074417
18313.989258	-79.690437
18324.755859	-77.050270
18335.522461	-72.306801
18346.289062	-71.535690
18357.055664	-71.180283
18367.822266	-69.658234
18378.588867	-70.630058
18389.355469	-73.878807
18400.122070	-73.467476
18410.888672	-75.589539
18421.655273	-76.491318
18432.421875	-74.000839
18443.188477	-72.690956
18453.955078	-71.679398
18464.721680	-72.891800
18475.488281	-70.291794
18486.254883	-73.017441
18497.021484	-68.888344
18507.788086	-68.473137
18518.554688	-70.869064
18529.321289	-71.103333
18540.087891	-70.347649
18550.854492	-70.146667
18561.621094	-71.561211
18572.387695	-72.214905
18583.154297	-72.637413
18593.920898	-73.398026
18604.687500	-72.607635
18615.454102	-71.678963
18626.220703	-71.473602
18636.987305	-74.054749
18647.753906	-71.433640
18658.520508	-69.677010
18669.287109	-68.738289
18680.053711	-69.311981
18690.820312	-72.819527
18701.586914	-75.348709
18712.353516	-71.384125
18723.120117	-68.892952
18733.886719	-70.428802
18744.653320	-71.430527
18755.419922	-73.638725
18766.186523	-73.445351
18776.953125	-70.909180
18787.719727	-72.179321
18798.486328	-75.115112
18809.252930	-76.572357
18820.019531	-72.515770
18830.786133	-72.243629
18841.552734	-73.670334
18852.319336	-71.931046
18863.085938	-72.209389
18873.852539	-70.787468
18884.619141	-72.124649
18895.385742	-69.054329
18906.152344	-68.203255
18916.918945	-70.148193
18927.685547	-68.311653
18938.452148	-70.471771
18949.218750	-70.489792
18959.985352	-70.905998
18970.751953	-72.371010
18981.518555	-72.127724
18992.285156	-70.870544
19003.051758	-70.332420
19013.818359	-69.967239
19024.584961	-68.269630
19035.351562	-67.644569
19046.118164	-73.859573
19056.884766	-74.237183
19067.651367	-74.125168
19078.417969	-73.876137
19089.184570	-71.713524
19099.951172	-71.457245
19110.717773	-72.281181
19121.484375	-75.714943
19132.250977	-73.257362
19143.017578	-72.899055
19153.784180	-74.012779
19164.550781	-72.596817
19175.317383	-68.808090
19186.083984	-68.671089
19196.850586	-70.621193
19207.617188	-73.067192
19218.383789	-72.408554
19229.150391	-73.226143
19239.916992	-70.636459
19250.683594	-70.116982
19261.450195	-72.577202
19272.216797	-75.159081
19282.983398	-71.311440
19293.750000	-71.598961
19304.516602	-71.610565
19315.283203	-77.938385
19326.049805	-80.582603
19336.816406	-77.669907
19347.583008	-78.366150
19358.349609	-71.976448
19369.116211	-68.130493
19379.882812	-70.177193
19390.649414	-72.054787
19401.416016	-71.927193
19412.182617	-71.067009
19422.949219	-74.731697
19433.715820	-78.235733
19444.482422	-78.070412
19455.249023	-73.111343
19466.015625	-76.252426
19476.782227	-74.965752
19487.548828	-80.779251
19498.315430	-76.117538
19509.082031	-74.649742
19519.848633	-76.008881
19530.615234	-76.833038
19541.381836	-77.418381
19552.148438	-73.628151
19562.915039	-72.897186
19573.681641	-69.252991
19584.448242	-73.447075
19595.214844	-74.542511
19605.981445	-72.355217
19616.748047	-74.063354
19627.514648	-75.274521
19638.281250	-76.322037
19649.047852	-76.124527
19659.814453	-72.789391
19670.581055	-70.758331
19681.347656	-70.868645
19692.114258	-69.405304
19702.880859	-69.618080
19713.647461	-77.135651
19724.414062	-76.757683
19735.180664	-70.938095
19745.947266	-70.574966
19756.713867	-71.597008
19767.480469	-71.184059
19778.247070	-71.246048
19789.013672	-69.598381
19799.780273	-68.276176
19810.546875	-68.823425
19821.313477	-73.198212
19832.080078	-75.566353
19842.846680	-75.006241
19853.613281	-76.169754
19864.379883	-75.062836
19875.146484	-73.024208
19885.913086	-72.345406
19896.679688	-71.746559
19907.446289	-75.953629
19918.212891	-78.990265
19928.979492	-73.935097
19939.746094	-72.403824
19950.512695	-73.466415
19961.279297	-73.288353
19972.045898	-72.872879
19982.812500	-73.272324
19993.579102	-70.208710
20004.345703	-70.012840
20015.112305	-69.532867
20025.878906	-74.284187
20036.645508	-72.001823
20047.412109	-70.092270
20058.178711	-71.986320
20068.945312	-72.151466
20079.711914	-72.823090
20090.478516	-77.114517
20101.245117	-74.769592
20112.011719	-72.468193
20122.778320	-76.090622
20133.544922	-71.474319
20144.311523	-68.182976
20155.078125	-68.822639
20165.844727	-72.099152
20176.611328	-71.080757
20187.377930	-71.598480
20198.144531	-75.052521
20208.911133	-76.955368
20219.677734	-74.778656
20230.444336	-70.629501
20241.210938	-70.338554
20251.977539	-73.915894
20262.744141	-77.089073
20273.510742	-70.847450
20284.277344	-68.186310
20295.043945	-71.126976
20305.810547	-72.073418
20316.577148	-70.431183
20327.343750	-68.179428
20338.110352	-69.688202
20348.876953	-73.482330
20359.643555	-73.151024
20370.410156	-76.681770
20381.176758	-71.314400
20391.943359	-72.602272
20402.709961	-74.261475
20413.476562	-76.594322
20424.243164	-77.740562
20435.009766	-79.294113
20445.776367	-76.822960
20456.542969	-76.213249
20467.309570	-74.984329
20478.076172	-73.604340
20488.842773	-71.289543
20499.609375	-69.566299
20510.375977	-72.934776
20521.142578	-73.346161
20531.909180	-76.632980
20542.675781	-75.693878
20553.442383	-73.392113
20564.208984	-72.731102
20574.975586	-74.109917
20585.742188	-73.509171
20596.508789	-69.038544
20607.275391	-67.096855
20618.041992	-71.308846
20628.808594	-77.844536
20639.575195	-78.846481
20650.341797	-70.765038
20661.108398	-66.286827
20671.875000	-67.467850
20682.641602	-69.925789
20693.408203	-73.455696
20704.174805	-80.523308
20714.941406	-76.456902
20725.708008	-73.515739
20736.474609	-72.221611
20747.241211	-72.436684
20758.007812	-71.796494
20768.774414	-71.379433
20779.541016	-72.651459
20790.307617	-70.187317
20801.074219	-70.652344
20811.840820	-72.129547
20822.607422	-71.710724
20833.374023	-70.151527
20844.140625	-73.555351
20854.907227	-74.814934
20865.673828	-76.402115
20876.440430	-71.249268
20887.207031	-70.907890
20897.973633	-72.358475
20908.740234	-73.896713
20919.506836	-71.926903
20930.273438	-72.791100
20941.040039	-75.312866
20951.806641	-70.959480
20962.573242	-70.469162
20973.339844	-71.045738
20984.106445	-72.526993
20994.873047	-69.924721
21005.639648	-71.353523
21016.406250	-72.402061
21027.172852	-73.313408
21037.939453	-75.096512
21048.706055	-73.239937
21059.472656	-72.069778
21070.239258	-72.759018
21081.005859	-68.676285
21091.772461	-71.176147
21102.539062	-76.250267
21113.305664	-76.589096
21124.072266	-74.973267
21134.838867	-73.683357
21145.605469	-74.374649
21156.372070	-74.874512
21167.138672	-75.200195
21177.905273	-73.224075
21188.671875	-74.097107
21199.438477	-76.331459
21210.205078	-76.433525
21220.971680	-74.835884
21231.738281	-72.559349
21242.504883	-72.922127
21253.271484	-72.332428
21264.038086	-71.533669
21274.804688	-72.909615
21285.571289	-73.924522
21296.337891	-70.618805
21307.104492	-70.946831
21317.871094	-70.371559
21328.637695	-72.120186
21339.404297	-71.908012
21350.170898	-74.592262
21360.937500	-72.853378
21371.704102	-75.442825
21382.470703	-75.214523
21393.237305	-71.770126
21404.003906	-70.799225
21414.770508	-74.166763
21425.537109	-76.101700
21436.303711	-72.781906
21447.070312	-73.663490
21457.836914	-76.683815
21468.603516	-76.349197
21479.370117	-74.061394
21490.136719	-74.250496
21500.903320	-73.400078
21511.669922	-72.018723
21522.436523	-73.362419
21533.203125	-77.773033
21543.969727	-73.834747
21554.736328	-73.066246
21565.502930	-75.226074
21576.269531	-75.429665
21587.036133	-74.107292
21597.802734	-73.841499
21608.569336	-74.698616
21619.335938	-73.758156
21630.102539	-73.892670
21640.869141	-74.969597
21651.635742	-72.429169
21662.402344	-70.591560
21673.168945	-74.745499
21683.935547	-75.715988
21694.702148	-74.954018
21705.468750	-71.841614
21716.235352	-72.850861
21727.001953	-74.047699
21737.768555	-70.339386
21748.535156	-71.034637
21759.301758	-73.737701
21770.068359	-74.731743
21780.834961	-75.622284
21791.601562	-75.309509
21802.368164	-74.440605
21813.134766	-73.081184
21823.901367	-74.054382
21834.667969	-75.249519
21845.434570	-72.135902
21856.201172	-72.650887
21866.967773	-72.424652
21877.734375	-69.955383
21888.500977	-70.385002
21899.267578	-70.367546
21910.034180	-73.665199
21920.800781	-75.299965
21931.567383	-75.808487
21942.333984	-74.797020
21953.100586	-74.587128
21963.867188	-74.899117
21974.633789	-79.799187
21985.400391	-76.370407
21996.166992	-75.263405
22006.933594	-74.964310
22017.700195	-74.270447
22028.466797	-74.323647
22039.233398	-76.443504
