Frequency (Hz)	Level (dB)
10.766602	-48.679539
21.533203	-46.287022
32.299805	-45.595734
43.066406	-44.618706
53.833008	-45.134579
64.599609	-47.181686
75.366211	-42.321690
86.132812	-37.143658
96.899414	-34.437904
107.666016	-36.956509
118.432617	-40.216080
129.199219	-41.213886
139.965820	-40.767353
150.732422	-42.280609
161.499023	-44.953659
172.265625	-45.982952
183.032227	-46.402405
193.798828	-46.290733
204.565430	-44.303978
215.332031	-43.807014
226.098633	-43.600960
236.865234	-43.191940
247.631836	-43.194740
258.398438	-42.371796
269.165039	-41.032635
279.931641	-38.595543
290.698242	-38.668350
301.464844	-41.094429
312.231445	-43.028641
322.998047	-43.198135
333.764648	-43.743137
344.531250	-45.242439
355.297852	-44.800766
366.064453	-44.417324
376.831055	-44.390678
387.597656	-44.227135
398.364258	-44.511635
409.130859	-44.998871
419.897461	-45.515709
430.664062	-46.812172
441.430664	-47.661587
452.197266	-48.536694
462.963867	-48.672638
473.730469	-49.018024
484.497070	-49.690712
495.263672	-49.049072
506.030273	-47.053162
516.796875	-46.173252
527.563477	-46.525467
538.330078	-45.314095
549.096680	-43.798782
559.863281	-42.186256
570.629883	-41.658047
581.396484	-42.404903
592.163086	-42.455536
602.929688	-42.754013
613.696289	-43.959663
624.462891	-44.314541
635.229492	-43.897881
645.996094	-43.930069
656.762695	-42.686535
667.529297	-42.964615
678.295898	-43.894558
689.062500	-43.429176
699.829102	-43.162212
710.595703	-42.720661
721.362305	-40.219105
732.128906	-41.598122
742.895508	-44.561222
753.662109	-44.310318
764.428711	-44.179848
775.195312	-45.704620
785.961914	-45.940926
796.728516	-43.200985
807.495117	-42.943607
818.261719	-41.137360
829.028320	-39.681175
839.794922	-38.145199
850.561523	-38.509323
861.328125	-42.369457
872.094727	-44.774853
882.861328	-44.941833
893.627930	-43.632481
904.394531	-43.372456
915.161133	-45.123829
925.927734	-46.497940
936.694336	-47.864807
947.460938	-49.463619
958.227539	-47.829704
968.994141	-47.420261
979.760742	-46.846897
990.527344	-47.269287
1001.293945	-48.891205
1012.060547	-49.367554
1022.827148	-49.848270
1033.593750	-49.890327
1044.360352	-49.363235
1055.126953	-49.260963
1065.893555	-48.268562
1076.660156	-48.339920
1087.426758	-49.236500
1098.193359	-49.091881
1108.959961	-49.603848
1119.726562	-50.378597
1130.493164	-49.720127
1141.259766	-49.501701
1152.026367	-49.260239
1162.792969	-48.393265
1173.559570	-47.132801
1184.326172	-46.195812
1195.092773	-47.290123
1205.859375	-47.950500
1216.625977	-45.684803
1227.392578	-43.496639
1238.159180	-44.533764
1248.925781	-46.102451
1259.692383	-44.775627
1270.458984	-44.435692
1281.225586	-46.389000
1291.992188	-47.092995
1302.758789	-45.966030
1313.525391	-43.926376
1324.291992	-44.939255
1335.058594	-46.081261
1345.825195	-46.859863
1356.591797	-46.159489
1367.358398	-45.780041
1378.125000	-45.109497
1388.891602	-44.366837
1399.658203	-43.868961
1410.424805	-43.926388
1421.191406	-45.217613
1431.958008	-45.536282
1442.724609	-44.584480
1453.491211	-44.205261
1464.257812	-43.984257
1475.024414	-43.922962
1485.791016	-44.048969
1496.557617	-43.105835
1507.324219	-43.790188
1518.090820	-44.304596
1528.857422	-43.355568
1539.624023	-41.848396
1550.390625	-42.995346
1561.157227	-43.966228
1571.923828	-43.779083
1582.690430	-43.480518
1593.457031	-42.261406
1604.223633	-43.026493
1614.990234	-44.101234
1625.756836	-42.837158
1636.523438	-42.041759
1647.290039	-42.298737
1658.056641	-42.714783
1668.823242	-42.154663
1679.589844	-41.434845
1690.356445	-42.326256
1701.123047	-44.314175
1711.889648	-45.775986
1722.656250	-46.868881
1733.422852	-46.238129
1744.189453	-45.444439
1754.956055	-46.231659
1765.722656	-47.096684
1776.489258	-48.446636
1787.255859	-49.770420
1798.022461	-50.002590
1808.789062	-49.503613
1819.555664	-49.395290
1830.322266	-49.746250
1841.088867	-51.155796
1851.855469	-51.474220
1862.622070	-50.513191
1873.388672	-49.860851
1884.155273	-50.625805
1894.921875	-50.869507
1905.688477	-52.240940
1916.455078	-51.527779
1927.221680	-50.124416
1937.988281	-49.902782
1948.754883	-50.813614
1959.521484	-50.675846
1970.288086	-49.643642
1981.054688	-50.113972
1991.821289	-49.615509
2002.587891	-48.811378
2013.354492	-48.426235
2024.121094	-47.996750
2034.887695	-46.827080
2045.654297	-46.250862
2056.420898	-46.863316
2067.187500	-47.269440
2077.954102	-47.555290
2088.720703	-48.075722
2099.487305	-48.098824
2110.253906	-48.550598
2121.020508	-48.041962
2131.787109	-46.198044
2142.553711	-44.492836
2153.320312	-44.592770
2164.086914	-45.227058
2174.853516	-45.098022
2185.620117	-44.978607
2196.386719	-45.442169
2207.153320	-45.703663
2217.919922	-45.731037
2228.686523	-45.661392
2239.453125	-45.386902
2250.219727	-45.376804
2260.986328	-44.107895
2271.752930	-43.478691
2282.519531	-44.077377
2293.286133	-45.040195
2304.052734	-45.348282
2314.819336	-44.934322
2325.585938	-45.135052
2336.352539	-43.283592
2347.119141	-43.966465
2357.885742	-45.306168
2368.652344	-46.493279
2379.418945	-44.788387
2390.185547	-44.526184
2400.952148	-45.757717
2411.718750	-44.803307
2422.485352	-44.254539
2433.251953	-44.457729
2444.018555	-44.827232
2454.785156	-45.163319
2465.551758	-45.143208
2476.318359	-44.747940
2487.084961	-45.193077
2497.851562	-46.040386
2508.618164	-46.133907
2519.384766	-45.806534
2530.151367	-46.254475
2540.917969	-45.777683
2551.684570	-46.364063
2562.451172	-47.116123
2573.217773	-46.493027
2583.984375	-46.280018
2594.750977	-46.358849
2605.517578	-46.560104
2616.284180	-46.222260
2627.050781	-45.481392
2637.817383	-46.439251
2648.583984	-47.051781
2659.350586	-47.454556
2670.117188	-48.058167
2680.883789	-49.062740
2691.650391	-49.564259
2702.416992	-49.217670
2713.183594	-49.542755
2723.950195	-50.893585
2734.716797	-51.552738
2745.483398	-51.562222
2756.250000	-50.765785
2767.016602	-50.943436
2777.783203	-52.054920
2788.549805	-52.920368
2799.316406	-53.159401
2810.083008	-53.832783
2820.849609	-54.152161
2831.616211	-54.174946
2842.382812	-55.031933
2853.149414	-54.331779
2863.916016	-54.440929
2874.682617	-55.376617
2885.449219	-55.362701
2896.215820	-54.991631
2906.982422	-54.585484
2917.749023	-55.180927
2928.515625	-56.291901
2939.282227	-56.467728
2950.048828	-56.487679
2960.815430	-55.116478
2971.582031	-54.700081
2982.348633	-56.075958
2993.115234	-56.404099
3003.881836	-55.524548
3014.648438	-55.061180
3025.415039	-55.005478
3036.181641	-55.370762
3046.948242	-56.747337
3057.714844	-56.294769
3068.481445	-56.316681
3079.248047	-55.488689
3090.014648	-55.411304
3100.781250	-55.920532
3111.547852	-55.658821
3122.314453	-54.639610
3133.081055	-54.212170
3143.847656	-53.847637
3154.614258	-53.045525
3165.380859	-53.530182
3176.147461	-53.468628
3186.914062	-53.441311
3197.680664	-51.852501
3208.447266	-51.932098
3219.213867	-52.796429
3229.980469	-52.546654
3240.747070	-52.716496
3251.513672	-53.108746
3262.280273	-52.866100
3273.046875	-53.254620
3283.813477	-53.581608
3294.580078	-52.914505
3305.346680	-52.123035
3316.113281	-52.585766
3326.879883	-52.541801
3337.646484	-52.765568
3348.413086	-53.845543
3359.179688	-54.083710
3369.946289	-54.152149
3380.712891	-54.569160
3391.479492	-55.392319
3402.246094	-54.539078
3413.012695	-53.287998
3423.779297	-53.329983
3434.545898	-53.660545
3445.312500	-53.833885
3456.079102	-54.063080
3466.845703	-54.791672
3477.612305	-55.184292
3488.378906	-54.844990
3499.145508	-54.649799
3509.912109	-53.656265
3520.678711	-53.400829
3531.445312	-54.242405
3542.211914	-55.093868
3552.978516	-54.760174
3563.745117	-54.617561
3574.511719	-54.759617
3585.278320	-54.173759
3596.044922	-54.715061
3606.811523	-54.362892
3617.578125	-54.401089
3628.344727	-54.208096
3639.111328	-54.373066
3649.877930	-52.055050
3660.644531	-52.116383
3671.411133	-54.286686
3682.177734	-55.619781
3692.944336	-55.539974
3703.710938	-55.183346
3714.477539	-55.730953
3725.244141	-56.251682
3736.010742	-56.278572
3746.777344	-56.816414
3757.543945	-57.598991
3768.310547	-57.396557
3779.077148	-57.886581
3789.843750	-57.760498
3800.610352	-57.675194
3811.376953	-58.065418
3822.143555	-58.941189
3832.910156	-58.831913
3843.676758	-58.359764
3854.443359	-58.682766
3865.209961	-59.540634
3875.976562	-60.028503
3886.743164	-59.928436
3897.509766	-59.315346
3908.276367	-59.595108
3919.042969	-59.832733
3929.809570	-60.433456
3940.576172	-59.874863
3951.342773	-59.919876
3962.109375	-59.708893
3972.875977	-59.723644
3983.642578	-59.835037
3994.409180	-59.712696
4005.175781	-60.144917
4015.942383	-60.592609
4026.708984	-60.668018
4037.475586	-60.431190
4048.242188	-60.376755
4059.008789	-60.851326
4069.775391	-60.692871
4080.541992	-61.075008
4091.308594	-61.242989
4102.075195	-61.133408
4112.841797	-60.659172
4123.608398	-60.345142
4134.375000	-59.908573
4145.141602	-60.232903
4155.908203	-60.228168
4166.674805	-59.986362
4177.441406	-60.262424
4188.208008	-60.532791
4198.974609	-60.695644
4209.741211	-60.596420
4220.507812	-60.491711
4231.274414	-60.824825
4242.041016	-60.731873
4252.807617	-60.490547
4263.574219	-61.006573
4274.340820	-60.775215
4285.107422	-60.894478
4295.874023	-60.789825
4306.640625	-60.500980
4317.407227	-59.935997
4328.173828	-60.788254
4338.940430	-61.490498
4349.707031	-61.080708
4360.473633	-60.879353
4371.240234	-60.638527
4382.006836	-60.657246
4392.773438	-60.602615
4403.540039	-59.910252
4414.306641	-60.463871
4425.073242	-60.980938
4435.839844	-60.500317
4446.606445	-60.605587
4457.373047	-60.818966
4468.139648	-61.245983
4478.906250	-60.178200
4489.672852	-60.227745
4500.439453	-60.142361
4511.206055	-59.818729
4521.972656	-60.160435
4532.739258	-59.617939
4543.505859	-60.568378
4554.272461	-60.997169
4565.039062	-59.982941
4575.805664	-59.596733
4586.572266	-60.543098
4597.338867	-60.983562
4608.105469	-60.863800
4618.872070	-60.463230
4629.638672	-60.803268
4640.405273	-61.385216
4651.171875	-61.168320
4661.938477	-60.534676
4672.705078	-59.768230
4683.471680	-59.308388
4694.238281	-59.113766
4705.004883	-59.578861
4715.771484	-59.522556
4726.538086	-59.613422
4737.304688	-59.316963
4748.071289	-59.822323
4758.837891	-57.946674
4769.604492	-57.606941
4780.371094	-58.198257
4791.137695	-58.829258
4801.904297	-58.911552
4812.670898	-59.068848
4823.437500	-59.072849
4834.204102	-58.703667
4844.970703	-58.251450
4855.737305	-58.541302
4866.503906	-59.254208
4877.270508	-59.926563
4888.037109	-59.922344
4898.803711	-59.448132
4909.570312	-59.184040
4920.336914	-59.760906
4931.103516	-60.189819
4941.870117	-59.704033
4952.636719	-59.917667
4963.403320	-61.408920
4974.169922	-61.050056
4984.936523	-61.430378
4995.703125	-61.502438
5006.469727	-61.222797
5017.236328	-61.310627
5028.002930	-60.813835
5038.769531	-60.764439
5049.536133	-60.694164
5060.302734	-60.773846
5071.069336	-61.391968
5081.835938	-61.542309
5092.602539	-60.941246
5103.369141	-61.266293
5114.135742	-61.822670
5124.902344	-61.160152
5135.668945	-62.351910
5146.435547	-61.847355
5157.202148	-61.177589
5167.968750	-61.110153
5178.735352	-61.103516
5189.501953	-61.556030
5200.268555	-61.846401
5211.035156	-61.786480
5221.801758	-62.067154
5232.568359	-61.935333
5243.334961	-61.981747
5254.101562	-62.251205
5264.868164	-62.648876
5275.634766	-62.468170
5286.401367	-62.252346
5297.167969	-63.073822
5307.934570	-62.551380
5318.701172	-62.897427
5329.467773	-63.055531
5340.234375	-62.769672
5351.000977	-62.272537
5361.767578	-62.761414
5372.534180	-62.659008
5383.300781	-62.672169
5394.067383	-63.002941
5404.833984	-62.580189
5415.600586	-62.456390
5426.367188	-62.802013
5437.133789	-62.472691
5447.900391	-62.656570
5458.666992	-62.145340
5469.433594	-61.946503
5480.200195	-62.249962
5490.966797	-62.137997
5501.733398	-62.258572
5512.500000	-61.600361
5523.266602	-60.639534
5534.033203	-61.344074
5544.799805	-61.741505
5555.566406	-61.499008
5566.333008	-60.920231
5577.099609	-61.435154
5587.866211	-61.174664
5598.632812	-61.133137
5609.399414	-61.078747
5620.166016	-61.244987
5630.932617	-61.734085
5641.699219	-61.144951
5652.465820	-61.237865
5663.232422	-60.789642
5673.999023	-59.967632
5684.765625	-59.985256
5695.532227	-60.154697
5706.298828	-59.849365
5717.065430	-60.496944
5727.832031	-60.553009
5738.598633	-60.487194
5749.365234	-60.949398
5760.131836	-61.970669
5770.898438	-61.791992
5781.665039	-61.710022
5792.431641	-62.222137
5803.198242	-61.390854
5813.964844	-61.506119
5824.731445	-61.952652
5835.498047	-61.376934
5846.264648	-61.373299
5857.031250	-61.641262
5867.797852	-62.048473
5878.564453	-61.996258
5889.331055	-62.031208
5900.097656	-61.875851
5910.864258	-61.475117
5921.630859	-61.565163
5932.397461	-62.025921
5943.164062	-62.102493
5953.930664	-62.249355
5964.697266	-62.796062
5975.463867	-63.054096
5986.230469	-62.496967
5996.997070	-62.560986
6007.763672	-62.446732
6018.530273	-62.113483
6029.296875	-63.403728
6040.063477	-63.836208
6050.830078	-63.155243
6061.596680	-62.469547
6072.363281	-62.570362
6083.129883	-62.542000
6093.896484	-62.890743
6104.663086	-63.150436
6115.429688	-63.474602
6126.196289	-63.746765
6136.962891	-62.934502
6147.729492	-62.929024
6158.496094	-63.467754
6169.262695	-63.749161
6180.029297	-63.045975
6190.795898	-62.777416
6201.562500	-62.831177
6212.329102	-62.865551
6223.095703	-62.271942
6233.862305	-62.643070
6244.628906	-63.484509
6255.395508	-63.410213
6266.162109	-63.516918
6276.928711	-63.074856
6287.695312	-62.697006
6298.461914	-62.930424
6309.228516	-62.740719
6319.995117	-63.145119
6330.761719	-63.103470
6341.528320	-62.391823
6352.294922	-62.966137
6363.061523	-63.143818
6373.828125	-62.951565
6384.594727	-63.284946
6395.361328	-62.957569
6406.127930	-62.735672
6416.894531	-62.839268
6427.661133	-63.155529
6438.427734	-63.038647
6449.194336	-63.720760
6459.960938	-63.417320
6470.727539	-63.310692
6481.494141	-63.328533
6492.260742	-62.868660
6503.027344	-62.347885
6513.793945	-62.720009
6524.560547	-62.534222
6535.327148	-62.902336
6546.093750	-62.809223
6556.860352	-62.817547
6567.626953	-63.242947
6578.393555	-62.530422
6589.160156	-62.640415
6599.926758	-63.137871
6610.693359	-63.819408
6621.459961	-63.861347
6632.226562	-63.448582
6642.993164	-63.479626
6653.759766	-63.044388
6664.526367	-62.314098
6675.292969	-62.303688
6686.059570	-62.415604
6696.826172	-61.681210
6707.592773	-61.380028
6718.359375	-61.781879
6729.125977	-62.564957
6739.892578	-62.855133
6750.659180	-62.481560
6761.425781	-62.669342
6772.192383	-62.883327
6782.958984	-62.830872
6793.725586	-62.429489
6804.492188	-62.247242
6815.258789	-62.742470
6826.025391	-62.649208
6836.791992	-63.062084
6847.558594	-62.987015
6858.325195	-62.779930
6869.091797	-62.924671
6879.858398	-62.564533
6890.625000	-62.462379
6901.391602	-62.295341
6912.158203	-62.575371
6922.924805	-62.719727
6933.691406	-62.934860
6944.458008	-62.626114
6955.224609	-62.461903
6965.991211	-63.263702
6976.757812	-62.635654
6987.524414	-62.484303
6998.291016	-63.082264
7009.057617	-62.663204
7019.824219	-63.025524
7030.590820	-63.357754
7041.357422	-62.940659
7052.124023	-62.637486
7062.890625	-62.548302
7073.657227	-62.678520
7084.423828	-63.679089
7095.190430	-64.274597
7105.957031	-63.187393
7116.723633	-62.278309
7127.490234	-62.388832
7138.256836	-62.968884
7149.023438	-63.478397
7159.790039	-63.047756
7170.556641	-63.184010
7181.323242	-63.235111
7192.089844	-63.668736
7202.856445	-63.906700
7213.623047	-63.322636
7224.389648	-62.247475
7235.156250	-62.438187
7245.922852	-62.914978
7256.689453	-62.365044
7267.456055	-61.463306
7278.222656	-61.375729
7288.989258	-61.755753
7299.755859	-62.460690
7310.522461	-62.448811
7321.289062	-62.450710
7332.055664	-62.676773
7342.822266	-62.928738
7353.588867	-63.081882
7364.355469	-62.032639
7375.122070	-61.180012
7385.888672	-61.162628
7396.655273	-62.153873
7407.421875	-62.871658
7418.188477	-62.308094
7428.955078	-62.124302
7439.721680	-62.764759
7450.488281	-63.200829
7461.254883	-63.315804
7472.021484	-64.163177
7482.788086	-62.865032
7493.554688	-62.261066
7504.321289	-62.977238
7515.087891	-62.723324
7525.854492	-62.920883
7536.621094	-63.163364
7547.387695	-64.151726
7558.154297	-64.352509
7568.920898	-63.436222
7579.687500	-63.034401
7590.454102	-63.244534
7601.220703	-63.375607
7611.987305	-63.598583
7622.753906	-63.058109
7633.520508	-63.001823
7644.287109	-63.107349
7655.053711	-62.654839
7665.820312	-62.309063
7676.586914	-63.031490
7687.353516	-64.208755
7698.120117	-63.329281
7708.886719	-61.120110
7719.653320	-61.155205
7730.419922	-62.383801
7741.186523	-62.913376
7751.953125	-62.568630
7762.719727	-63.177368
7773.486328	-63.837807
7784.252930	-62.781494
7795.019531	-62.726170
7805.786133	-62.950325
7816.552734	-63.216099
7827.319336	-62.971870
7838.085938	-62.517475
7848.852539	-62.685215
7859.619141	-62.207878
7870.385742	-62.210224
7881.152344	-62.981197
7891.918945	-62.554962
7902.685547	-61.749695
7913.452148	-60.451817
7924.218750	-60.725487
7934.985352	-61.815800
7945.751953	-61.724056
7956.518555	-61.991753
7967.285156	-62.003971
7978.051758	-61.766705
7988.818359	-60.910015
7999.584961	-60.550179
8010.351562	-61.130390
8021.118164	-61.863255
8031.884766	-61.966045
8042.651367	-61.886009
8053.417969	-62.212204
8064.184570	-61.894447
8074.951172	-61.709888
8085.717773	-62.284035
8096.484375	-61.934956
8107.250977	-59.559460
8118.017578	-59.565994
8128.784180	-61.564583
8139.550781	-62.390514
8150.317383	-60.633022
8161.083984	-59.534271
8171.850586	-59.712669
8182.617188	-60.573822
8193.383789	-60.477131
8204.150391	-59.883690
8214.916992	-59.609051
8225.683594	-62.249714
8236.450195	-62.923500
8247.216797	-61.697208
8257.983398	-59.345997
8268.750000	-59.154018
8279.516602	-60.912899
8290.283203	-60.919090
8301.049805	-60.461056
8311.816406	-60.626713
8322.583008	-60.259224
8333.349609	-60.298401
8344.116211	-60.566841
8354.882812	-60.779381
8365.649414	-60.920773
8376.416016	-60.969505
8387.182617	-61.844219
8397.949219	-61.823578
8408.715820	-61.300461
8419.482422	-60.046829
8430.249023	-58.549381
8441.015625	-58.736389
8451.782227	-59.790218
8462.548828	-59.828766
8473.315430	-58.884113
8484.082031	-59.043121
8494.848633	-61.426113
8505.615234	-61.280422
8516.381836	-59.642208
8527.148438	-59.965885
8537.915039	-61.604427
8548.681641	-61.433769
8559.448242	-60.903027
8570.214844	-59.731426
8580.981445	-59.946114
8591.748047	-61.249493
8602.514648	-60.497185
8613.281250	-60.599091
8624.047852	-61.336464
8634.814453	-60.836304
8645.581055	-59.514698
8656.347656	-59.924931
8667.114258	-61.822708
8677.880859	-61.576351
8688.647461	-61.259182
8699.414062	-61.406860
8710.180664	-61.788044
8720.947266	-61.255047
8731.713867	-60.832302
8742.480469	-61.261475
8753.247070	-61.498489
8764.013672	-60.600864
8774.780273	-61.886055
8785.546875	-62.187134
8796.313477	-60.959690
8807.080078	-58.726257
8817.846680	-59.825989
8828.613281	-62.606541
8839.379883	-62.783794
8850.146484	-63.348324
8860.913086	-62.966221
8871.679688	-63.495678
8882.446289	-64.365837
8893.212891	-64.398834
8903.979492	-63.977970
8914.746094	-63.316723
8925.512695	-62.651424
8936.279297	-62.658657
8947.045898	-63.332188
8957.812500	-63.076462
8968.579102	-63.244911
8979.345703	-63.354530
8990.112305	-62.954063
9000.878906	-63.178532
9011.645508	-63.304253
9022.412109	-61.880371
9033.178711	-62.631523
9043.945312	-63.698811
9054.711914	-64.038414
9065.478516	-62.731312
9076.245117	-61.686935
9087.011719	-62.137169
9097.778320	-62.510132
9108.544922	-62.463966
9119.311523	-62.404892
9130.078125	-62.774105
9140.844727	-61.588753
9151.611328	-60.393860
9162.377930	-59.750233
9173.144531	-60.747925
9183.911133	-61.655708
9194.677734	-61.210968
9205.444336	-61.234634
9216.210938	-62.152596
9226.977539	-61.667217
9237.744141	-62.407558
9248.510742	-62.599182
9259.277344	-63.092892
9270.043945	-63.334621
9280.810547	-62.645302
9291.577148	-62.376549
9302.343750	-62.764355
9313.110352	-61.864525
9323.876953	-61.013756
9334.643555	-61.237499
9345.410156	-61.908379
9356.176758	-62.019436
9366.943359	-62.041115
9377.709961	-63.134140
9388.476562	-62.910156
9399.243164	-62.348961
9410.009766	-61.577076
9420.776367	-61.783852
9431.542969	-62.253048
9442.309570	-61.630909
9453.076172	-61.759102
9463.842773	-61.319500
9474.609375	-61.535519
9485.375977	-61.550003
9496.142578	-61.058590
9506.909180	-60.570995
9517.675781	-59.691254
9528.442383	-60.771717
9539.208984	-61.814968
9549.975586	-60.835041
9560.742188	-61.645206
9571.508789	-61.856995
9582.275391	-61.927746
9593.041992	-62.171928
9603.808594	-62.355515
9614.575195	-62.657089
9625.341797	-62.685448
9636.108398	-62.250759
9646.875000	-61.949806
9657.641602	-62.445713
9668.408203	-61.290306
9679.174805	-61.280418
9689.941406	-62.026943
9700.708008	-62.345592
9711.474609	-62.407513
9722.241211	-63.214157
9733.007812	-63.236095
9743.774414	-63.492249
9754.541016	-62.832531
9765.307617	-62.878853
9776.074219	-63.812546
9786.840820	-64.515854
9797.607422	-64.574944
9808.374023	-64.179611
9819.140625	-63.741585
9829.907227	-62.944016
9840.673828	-63.391296
9851.440430	-62.384304
9862.207031	-62.220562
9872.973633	-61.879093
9883.740234	-62.928322
9894.506836	-63.680859
9905.273438	-63.262814
9916.040039	-63.701302
9926.806641	-64.345886
9937.573242	-64.191017
9948.339844	-64.291534
9959.106445	-63.959488
9969.873047	-63.998199
9980.639648	-63.761826
9991.406250	-64.009605
10002.172852	-63.524357
10012.939453	-64.298698
10023.706055	-63.944366
10034.472656	-63.607498
10045.239258	-63.853756
10056.005859	-63.507870
10066.772461	-62.826923
10077.539062	-63.305790
10088.305664	-64.450974
10099.072266	-65.240883
10109.838867	-64.160751
10120.605469	-63.775745
10131.372070	-64.350128
10142.138672	-64.805573
10152.905273	-64.321205
10163.671875	-65.034004
10174.438477	-64.960732
10185.205078	-64.763969
10195.971680	-64.817192
10206.738281	-64.215286
10217.504883	-64.167213
10228.271484	-64.872993
10239.038086	-65.000351
10249.804688	-65.137589
10260.571289	-64.797035
10271.337891	-63.982288
10282.104492	-63.594452
10292.871094	-63.807327
10303.637695	-63.917461
10314.404297	-63.614155
10325.170898	-63.767792
10335.937500	-63.908112
10346.704102	-63.962200
10357.470703	-63.742683
10368.237305	-63.387688
10379.003906	-63.159569
10389.770508	-63.386745
10400.537109	-64.631058
10411.303711	-64.963745
10422.070312	-64.389656
10432.836914	-64.345337
10443.603516	-63.751797
10454.370117	-63.722076
10465.136719	-64.896133
10475.903320	-64.785805
10486.669922	-63.758938
10497.436523	-64.352371
10508.203125	-63.978699
10518.969727	-63.877357
10529.736328	-63.844910
10540.502930	-64.692787
10551.269531	-65.321320
10562.036133	-64.221207
10572.802734	-63.240875
10583.569336	-63.753887
10594.335938	-64.670265
10605.102539	-65.301193
10615.869141	-65.119751
10626.635742	-64.802155
10637.402344	-63.776371
10648.168945	-65.103394
10658.935547	-65.958336
10669.702148	-64.779175
10680.468750	-64.315109
10691.235352	-64.301529
10702.001953	-65.331482
10712.768555	-64.550934
10723.535156	-64.842201
10734.301758	-65.066399
10745.068359	-65.442978
10755.834961	-65.239296
10766.601562	-65.107506
10777.368164	-65.159180
10788.134766	-65.789856
10798.901367	-65.734047
10809.667969	-66.028374
10820.434570	-65.858932
10831.201172	-66.059273
10841.967773	-66.357956
10852.734375	-65.789299
10863.500977	-65.319405
10874.267578	-66.583115
10885.034180	-66.658470
10895.800781	-66.193565
10906.567383	-66.725815
10917.333984	-67.054230
10928.100586	-66.712532
10938.867188	-66.117477
10949.633789	-65.242516
10960.400391	-65.164650
10971.166992	-65.199699
10981.933594	-65.713074
10992.700195	-66.800102
11003.466797	-67.039345
11014.233398	-66.503998
11025.000000	-65.141014
11035.766602	-64.798615
11046.533203	-64.847328
11057.299805	-65.005844
11068.066406	-64.773621
11078.833008	-64.875282
11089.599609	-64.652657
11100.366211	-64.847610
11111.132812	-65.545265
11121.899414	-65.520607
11132.666016	-66.131104
11143.432617	-66.735855
11154.199219	-65.992073
11164.965820	-66.139801
11175.732422	-65.291916
11186.499023	-64.795921
11197.265625	-65.887634
11208.032227	-65.997787
11218.798828	-65.372246
11229.565430	-66.029709
11240.332031	-66.682739
11251.098633	-66.140549
11261.865234	-66.571106
11272.631836	-66.314072
11283.398438	-66.419205
11294.165039	-66.118393
11304.931641	-65.885155
11315.698242	-66.199959
11326.464844	-66.400093
11337.231445	-66.921593
11347.998047	-65.879311
11358.764648	-65.960457
11369.531250	-66.052658
11380.297852	-66.057808
11391.064453	-66.942177
11401.831055	-65.860222
11412.597656	-65.581635
11423.364258	-64.722435
11434.130859	-65.269569
11444.897461	-66.297447
11455.664062	-66.049934
11466.430664	-65.531624
11477.197266	-65.622398
11487.963867	-65.625877
11498.730469	-66.035362
11509.497070	-66.548203
11520.263672	-66.498917
11531.030273	-66.159950
11541.796875	-65.840912
11552.563477	-65.837753
11563.330078	-65.198730
11574.096680	-65.822937
11584.863281	-66.104935
11595.629883	-66.460938
11606.396484	-66.860588
11617.163086	-66.552933
11627.929688	-65.684906
11638.696289	-65.569199
11649.462891	-65.529137
11660.229492	-65.077843
11670.996094	-65.642403
11681.762695	-65.527252
11692.529297	-64.876709
11703.295898	-64.919121
11714.062500	-65.423714
11724.829102	-65.327629
11735.595703	-65.574150
11746.362305	-65.558197
11757.128906	-65.483780
11767.895508	-65.775055
11778.662109	-66.524757
11789.428711	-66.445320
11800.195312	-66.288055
11810.961914	-65.514168
11821.728516	-65.768562
11832.495117	-66.117790
11843.261719	-66.102341
11854.028320	-66.502579
11864.794922	-66.560020
11875.561523	-66.581596
11886.328125	-66.712326
11897.094727	-66.551659
11907.861328	-66.536125
11918.627930	-66.538155
11929.394531	-66.714020
11940.161133	-66.221184
11950.927734	-66.414658
11961.694336	-66.667877
11972.460938	-66.983612
11983.227539	-66.725716
11993.994141	-66.455132
12004.760742	-65.716835
12015.527344	-66.391403
12026.293945	-67.247520
12037.060547	-67.497604
12047.827148	-66.818123
12058.593750	-66.644775
12069.360352	-66.693222
12080.126953	-66.645363
12090.893555	-66.209511
12101.660156	-66.122284
12112.426758	-66.369911
12123.193359	-66.657478
12133.959961	-66.611664
12144.726562	-66.969078
12155.493164	-68.048820
12166.259766	-67.231308
12177.026367	-66.265411
12187.792969	-66.452446
12198.559570	-67.575302
12209.326172	-67.635765
12220.092773	-67.586052
12230.859375	-67.737801
12241.625977	-67.457039
12252.392578	-67.371780
12263.159180	-67.316505
12273.925781	-67.314529
12284.692383	-67.709068
12295.458984	-67.904442
12306.225586	-67.084312
12316.992188	-67.123749
12327.758789	-66.887428
12338.525391	-66.686493
12349.291992	-67.383766
12360.058594	-67.337143
12370.825195	-66.809288
12381.591797	-66.792564
12392.358398	-66.805954
12403.125000	-66.870644
12413.891602	-67.003822
12424.658203	-67.141174
12435.424805	-67.172752
12446.191406	-67.342201
12456.958008	-67.088829
12467.724609	-66.703224
12478.491211	-66.382858
12489.257812	-67.152489
12500.024414	-67.876770
12510.791016	-68.037506
12521.557617	-67.587036
12532.324219	-66.705002
12543.090820	-67.089890
12553.857422	-66.716576
12564.624023	-66.783264
12575.390625	-67.370735
12586.157227	-67.474419
12596.923828	-68.096779
12607.690430	-67.323914
12618.457031	-67.024635
12629.223633	-67.464317
12639.990234	-67.353828
12650.756836	-67.878052
12661.523438	-67.212387
12672.290039	-66.560356
12683.056641	-67.064514
12693.823242	-67.416023
12704.589844	-67.663803
12715.356445	-67.868591
12726.123047	-67.966797
12736.889648	-68.019409
12747.656250	-68.160362
12758.422852	-67.587265
12769.189453	-67.696953
12779.956055	-68.383362
12790.722656	-68.526115
12801.489258	-68.391357
12812.255859	-68.387039
12823.022461	-68.350105
12833.789062	-67.926498
12844.555664	-67.654480
12855.322266	-67.206154
12866.088867	-66.943787
12876.855469	-67.353104
12887.622070	-68.214546
12898.388672	-68.221733
12909.155273	-67.773804
12919.921875	-68.108383
12930.688477	-67.780952
12941.455078	-67.323494
12952.221680	-68.074959
12962.988281	-67.459328
12973.754883	-67.671455
12984.521484	-67.374550
12995.288086	-67.286789
13006.054688	-68.440269
13016.821289	-68.792175
13027.587891	-68.895691
13038.354492	-68.397003
13049.121094	-68.290855
13059.887695	-68.252449
13070.654297	-67.898941
13081.420898	-68.158974
13092.187500	-67.836304
13102.954102	-67.402489
13113.720703	-66.976883
13124.487305	-67.013466
13135.253906	-67.613457
13146.020508	-67.291840
13156.787109	-67.869926
13167.553711	-69.194344
13178.320312	-68.593918
13189.086914	-67.898712
13199.853516	-67.883186
13210.620117	-68.317635
13221.386719	-68.661095
13232.153320	-68.619286
13242.919922	-68.163750
13253.686523	-67.960014
13264.453125	-68.348541
13275.219727	-68.026375
13285.986328	-67.702065
13296.752930	-67.721161
13307.519531	-68.288986
13318.286133	-68.201752
13329.052734	-67.851311
13339.819336	-68.158356
13350.585938	-68.719925
13361.352539	-67.422508
13372.119141	-67.587769
13382.885742	-68.273598
13393.652344	-67.732780
13404.418945	-67.966766
13415.185547	-68.288773
13425.952148	-68.743645
13436.718750	-68.761894
13447.485352	-68.719711
13458.251953	-68.377541
13469.018555	-68.242851
13479.785156	-68.386597
13490.551758	-67.985893
13501.318359	-67.667572
13512.084961	-68.273529
13522.851562	-69.190094
13533.618164	-68.991875
13544.384766	-68.068001
13555.151367	-68.471848
13565.917969	-68.458824
13576.684570	-68.179008
13587.451172	-68.297264
13598.217773	-67.172005
13608.984375	-67.756226
13619.750977	-68.002220
13630.517578	-68.273148
13641.284180	-68.206879
13652.050781	-68.653282
13662.817383	-69.112450
13673.583984	-68.458427
13684.350586	-68.470985
13695.117188	-68.496277
13705.883789	-67.889267
13716.650391	-68.248711
13727.416992	-68.068512
13738.183594	-68.241989
13748.950195	-69.019249
13759.716797	-68.583122
13770.483398	-68.619423
13781.250000	-68.724724
13792.016602	-68.615105
13802.783203	-68.334496
13813.549805	-68.150192
13824.316406	-68.091591
13835.083008	-67.742523
13845.849609	-67.881577
13856.616211	-67.679420
13867.382812	-67.678085
13878.149414	-67.648956
13888.916016	-68.720474
13899.682617	-68.909584
13910.449219	-68.494743
13921.215820	-69.037514
13931.982422	-68.791519
13942.749023	-68.363655
13953.515625	-68.679543
13964.282227	-68.084229
13975.048828	-67.628128
13985.815430	-68.217628
13996.582031	-69.121567
14007.348633	-68.511459
14018.115234	-68.391342
14028.881836	-67.838379
14039.648438	-68.450073
14050.415039	-69.397179
14061.181641	-68.891350
14071.948242	-68.568985
14082.714844	-68.292046
14093.481445	-68.037064
14104.248047	-67.827225
14115.014648	-67.916023
14125.781250	-68.536316
14136.547852	-68.550919
14147.314453	-67.921303
14158.081055	-68.287315
14168.847656	-68.701691
14179.614258	-69.204819
14190.380859	-68.456139
14201.147461	-68.338997
14211.914062	-68.399826
14222.680664	-68.160332
14233.447266	-68.135391
14244.213867	-68.477722
14254.980469	-68.564270
14265.747070	-68.666718
14276.513672	-67.965584
14287.280273	-67.803757
14298.046875	-67.872246
14308.813477	-67.937225
14319.580078	-68.740005
14330.346680	-68.993889
14341.113281	-68.768280
14351.879883	-69.132408
14362.646484	-68.999130
14373.413086	-68.752083
14384.179688	-69.109642
14394.946289	-69.486649
14405.712891	-68.924583
14416.479492	-68.599297
14427.246094	-69.257736
14438.012695	-68.929810
14448.779297	-68.799004
14459.545898	-69.060234
14470.312500	-69.464661
14481.079102	-69.169579
14491.845703	-69.100227
14502.612305	-69.160080
14513.378906	-69.688675
14524.145508	-70.037880
14534.912109	-69.751221
14545.678711	-69.077194
14556.445312	-69.021492
14567.211914	-69.095711
14577.978516	-69.027382
14588.745117	-68.695618
14599.511719	-68.447815
14610.278320	-68.652771
14621.044922	-68.703972
14631.811523	-69.002396
14642.578125	-69.540276
14653.344727	-69.671097
14664.111328	-69.771706
14674.877930	-69.547134
14685.644531	-69.454460
14696.411133	-69.781769
14707.177734	-69.669235
14717.944336	-69.546440
14728.710938	-68.397034
14739.477539	-68.673981
14750.244141	-69.570992
14761.010742	-69.815376
14771.777344	-69.705833
14782.543945	-69.467102
14793.310547	-69.184570
14804.077148	-69.663246
14814.843750	-69.392998
14825.610352	-69.241539
14836.376953	-69.697952
14847.143555	-69.006569
14857.910156	-69.244255
14868.676758	-69.552002
14879.443359	-69.167877
14890.209961	-68.911705
14900.976562	-69.467010
14911.743164	-68.673561
14922.509766	-68.592522
14933.276367	-69.653656
14944.042969	-69.753288
14954.809570	-69.000320
14965.576172	-68.727554
14976.342773	-69.255241
14987.109375	-69.350006
14997.875977	-69.464500
15008.642578	-70.101265
15019.409180	-69.156288
15030.175781	-68.244949
15040.942383	-68.867767
15051.708984	-68.796364
15062.475586	-69.290131
15073.242188	-69.991264
15084.008789	-69.921303
15094.775391	-70.041039
15105.541992	-69.398125
15116.308594	-68.695755
15127.075195	-68.787292
15137.841797	-69.808022
15148.608398	-69.753372
15159.375000	-69.927345
15170.141602	-69.283005
15180.908203	-68.893776
15191.674805	-69.275429
15202.441406	-69.638702
15213.208008	-69.450745
15223.974609	-69.816719
15234.741211	-69.535530
15245.507812	-69.392944
15256.274414	-69.268990
15267.041016	-69.516541
15277.807617	-69.370277
15288.574219	-69.532188
15299.340820	-69.945915
15310.107422	-69.858391
15320.874023	-69.492950
15331.640625	-69.583229
15342.407227	-69.335167
15353.173828	-69.059387
15363.940430	-68.898827
15374.707031	-69.288811
15385.473633	-69.899040
15396.240234	-69.475143
15407.006836	-69.021957
15417.773438	-68.920044
15428.540039	-68.814148
15439.306641	-70.056419
15450.073242	-70.832718
15460.839844	-69.979630
15471.606445	-69.421921
15482.373047	-69.801094
15493.139648	-70.378632
15503.906250	-69.842400
15514.672852	-69.830276
15525.439453	-69.459496
15536.206055	-69.392975
15546.972656	-70.346992
15557.739258	-70.469353
15568.505859	-70.082001
15579.272461	-70.129982
15590.039062	-70.653084
15600.805664	-70.979675
15611.572266	-70.947739
15622.338867	-70.461479
15633.105469	-69.564461
15643.872070	-68.791626
15654.638672	-68.839134
15665.405273	-69.455856
15676.171875	-70.109558
15686.938477	-70.080269
15697.705078	-69.808876
15708.471680	-69.703804
15719.238281	-70.151352
15730.004883	-70.048103
15740.771484	-69.193619
15751.538086	-68.797356
15762.304688	-70.110939
15773.071289	-69.779678
15783.837891	-69.569550
15794.604492	-69.624619
15805.371094	-69.231422
15816.137695	-69.102737
15826.904297	-69.300041
15837.670898	-69.792488
15848.437500	-69.950386
15859.204102	-69.896263
15869.970703	-69.944939
15880.737305	-70.724953
15891.503906	-71.265274
15902.270508	-70.921143
15913.037109	-69.936523
15923.803711	-69.678185
15934.570312	-69.947769
15945.336914	-70.278175
15956.103516	-70.597939
15966.870117	-71.087189
15977.636719	-70.835678
15988.403320	-70.003845
15999.169922	-69.326103
16009.936523	-69.175636
16020.703125	-69.629120
16031.469727	-70.517090
16042.236328	-70.459984
16053.002930	-70.153717
16063.769531	-70.167946
16074.536133	-70.624931
16085.302734	-71.280441
16096.069336	-70.582870
16106.835938	-69.727013
16117.602539	-69.966309
16128.369141	-69.815239
16139.135742	-70.124428
16149.902344	-70.119385
16160.668945	-70.275391
16171.435547	-70.377365
16182.202148	-70.338898
16192.968750	-70.266830
16203.735352	-71.009056
16214.501953	-70.092140
16225.268555	-69.579643
16236.035156	-69.187752
16246.801758	-69.294395
16257.568359	-69.982559
16268.334961	-70.035362
16279.101562	-69.812386
16289.868164	-70.235947
16300.634766	-70.896729
16311.401367	-70.864433
16322.167969	-70.350769
16332.934570	-69.632858
16343.701172	-69.608139
16354.467773	-69.888954
16365.234375	-70.782898
16376.000977	-70.480270
16386.767578	-69.200172
16397.534180	-69.907387
16408.300781	-70.648781
16419.067383	-70.458549
16429.833984	-70.396233
16440.600586	-70.781487
16451.367188	-69.980453
16462.133789	-70.860260
16472.900391	-71.271355
16483.666992	-71.122643
16494.433594	-70.902176
16505.200195	-70.456894
16515.966797	-69.919739
16526.733398	-70.711876
16537.500000	-70.863747
16548.266602	-70.824120
16559.033203	-70.228699
16569.799805	-70.165955
16580.566406	-70.078728
16591.333008	-70.279472
16602.099609	-70.647408
16612.866211	-70.660263
16623.632812	-70.020241
16634.399414	-69.872398
16645.166016	-70.478447
16655.932617	-70.402023
16666.699219	-70.265221
16677.465820	-70.180588
16688.232422	-70.623543
16698.999023	-71.254440
16709.765625	-71.297836
16720.532227	-71.281548
16731.298828	-69.944206
16742.065430	-69.505844
16752.832031	-69.988579
16763.598633	-70.346588
16774.365234	-70.580261
16785.131836	-70.977577
16795.898438	-70.348557
16806.665039	-70.770157
16817.431641	-70.180161
16828.198242	-70.221886
16838.964844	-70.241226
16849.731445	-70.470757
16860.498047	-71.032906
16871.264648	-70.132790
16882.031250	-70.045288
16892.797852	-70.765694
16903.564453	-70.113968
16914.331055	-69.779045
16925.097656	-69.816528
16935.864258	-70.681992
16946.630859	-70.740952
16957.397461	-70.203056
16968.164062	-69.995049
16978.930664	-70.712631
16989.697266	-70.808029
17000.463867	-71.252266
17011.230469	-71.737259
17021.997070	-70.989799
17032.763672	-70.535286
17043.530273	-70.471924
17054.296875	-70.560738
17065.063477	-70.278374
17075.830078	-69.938248
17086.596680	-70.719490
17097.363281	-71.781425
17108.129883	-70.526009
17118.896484	-70.355713
17129.663086	-70.708519
17140.429688	-71.458527
17151.196289	-70.619270
17161.962891	-70.634071
17172.729492	-71.494385
17183.496094	-70.472672
17194.262695	-69.933731
17205.029297	-69.962593
17215.795898	-70.580208
17226.562500	-70.032196
17237.329102	-70.006897
17248.095703	-70.814514
17258.862305	-71.125854
17269.628906	-70.011345
17280.395508	-70.345131
17291.162109	-70.866043
17301.928711	-70.936310
17312.695312	-71.260620
17323.461914	-71.453262
17334.228516	-70.657776
17344.995117	-70.514565
17355.761719	-72.226501
17366.528320	-71.582703
17377.294922	-71.083900
17388.061523	-71.345093
17398.828125	-71.084244
17409.594727	-71.428268
17420.361328	-71.789040
17431.127930	-70.647659
17441.894531	-71.021408
17452.661133	-70.809662
17463.427734	-70.538391
17474.194336	-70.184479
17484.960938	-70.200035
17495.727539	-70.977341
17506.494141	-71.334831
17517.260742	-71.421700
17528.027344	-70.430061
17538.793945	-70.278961
17549.560547	-71.232841
17560.327148	-71.379372
17571.093750	-71.653305
17581.860352	-71.368759
17592.626953	-71.514175
17603.393555	-71.697746
17614.160156	-70.680679
17624.926758	-70.055649
17635.693359	-69.952324
17646.459961	-70.535942
17657.226562	-71.198235
17667.993164	-71.059525
17678.759766	-71.785278
17689.526367	-71.734421
17700.292969	-71.236137
17711.059570	-71.070381
17721.826172	-71.060974
17732.592773	-70.519226
17743.359375	-70.923035
17754.125977	-70.709122
17764.892578	-70.422653
17775.659180	-71.200493
17786.425781	-71.014687
17797.192383	-70.904106
17807.958984	-70.378754
17818.725586	-70.633812
17829.492188	-71.492897
17840.258789	-71.121376
17851.025391	-71.338409
17861.791992	-71.581665
17872.558594	-71.965439
17883.325195	-71.658676
17894.091797	-70.681801
17904.858398	-70.490936
17915.625000	-70.943115
17926.391602	-70.134560
17937.158203	-69.918999
17947.924805	-70.235069
17958.691406	-70.790283
17969.458008	-70.864609
17980.224609	-70.544556
17990.991211	-71.842567
18001.757812	-72.045830
18012.524414	-70.927856
18023.291016	-71.084244
18034.057617	-71.247437
18044.824219	-71.714935
18055.590820	-71.700012
18066.357422	-71.351715
18077.124023	-70.956985
18087.890625	-71.536324
18098.657227	-71.289360
18109.423828	-70.639481
18120.190430	-70.846176
18130.957031	-71.484337
18141.723633	-71.944855
18152.490234	-71.057785
18163.256836	-70.696259
18174.023438	-71.380081
18184.790039	-70.936600
18195.556641	-70.946709
18206.323242	-71.316727
18217.089844	-71.969864
18227.856445	-71.370605
18238.623047	-70.549706
18249.389648	-70.890511
18260.156250	-71.585403
18270.922852	-71.858002
18281.689453	-71.303307
18292.456055	-71.680733
18303.222656	-71.637558
18313.989258	-71.156471
18324.755859	-71.152992
18335.522461	-71.880394
18346.289062	-71.283607
18357.055664	-70.789642
18367.822266	-70.661850
18378.588867	-71.789780
18389.355469	-71.832077
18400.122070	-71.647797
18410.888672	-71.839752
18421.655273	-71.357269
18432.421875	-71.999176
18443.188477	-71.130402
18453.955078	-71.184708
18464.721680	-71.032356
18475.488281	-71.063492
18486.254883	-71.076271
18497.021484	-71.515350
18507.788086	-72.255646
18518.554688	-71.863464
18529.321289	-71.358284
18540.087891	-70.706696
18550.854492	-71.590218
18561.621094	-71.737183
18572.387695	-71.470009
18583.154297	-72.090668
18593.920898	-71.668701
18604.687500	-70.612701
18615.454102	-70.793098
18626.220703	-71.833481
18636.987305	-71.025558
18647.753906	-70.812233
18658.520508	-71.176895
18669.287109	-70.599319
18680.053711	-70.573280
18690.820312	-71.173126
18701.586914	-71.039520
18712.353516	-71.916191
18723.120117	-71.836197
18733.886719	-71.039093
18744.653320	-71.332962
18755.419922	-71.401924
18766.186523	-71.171150
18776.953125	-70.999687
18787.719727	-71.099609
18798.486328	-71.987503
18809.252930	-71.698463
18820.019531	-72.274536
18830.786133	-72.198753
18841.552734	-71.464790
18852.319336	-70.779510
18863.085938	-70.769684
18873.852539	-70.788673
18884.619141	-70.889091
18895.385742	-70.830826
18906.152344	-71.022270
18916.918945	-71.284912
18927.685547	-71.178673
18938.452148	-71.334152
18949.218750	-70.952293
18959.985352	-72.091675
18970.751953	-71.786003
18981.518555	-71.005981
18992.285156	-71.858833
19003.051758	-71.418266
19013.818359	-71.184662
19024.584961	-70.650131
19035.351562	-70.310623
19046.118164	-71.188560
19056.884766	-72.082275
19067.651367	-71.055992
19078.417969	-71.131660
19089.184570	-71.578941
19099.951172	-71.296921
19110.717773	-71.431366
19121.484375	-72.567223
19132.250977	-73.021248
19143.017578	-72.188911
19153.784180	-71.665321
19164.550781	-72.161263
19175.317383	-71.444000
19186.083984	-70.853180
19196.850586	-71.923965
19207.617188	-72.272293
19218.383789	-72.542038
19229.150391	-72.227821
19239.916992	-72.128555
19250.683594	-71.690201
19261.450195	-71.686775
19272.216797	-72.409859
19282.983398	-71.636314
19293.750000	-72.355034
19304.516602	-72.580574
19315.283203	-72.722473
19326.049805	-72.638748
19336.816406	-72.180298
19347.583008	-72.024178
19358.349609	-71.645554
19369.116211	-71.713928
19379.882812	-71.783562
19390.649414	-72.062630
19401.416016	-71.805206
19412.182617	-71.706001
19422.949219	-71.533020
19433.715820	-71.171104
19444.482422	-72.164940
19455.249023	-72.702217
19466.015625	-71.723770
19476.782227	-72.090126
19487.548828	-71.760475
19498.315430	-72.076149
19509.082031	-72.435486
19519.848633	-72.051392
19530.615234	-71.647667
19541.381836	-71.662094
19552.148438	-72.266518
19562.915039	-71.877289
19573.681641	-71.631004
19584.448242	-72.271210
19595.214844	-72.009232
19605.981445	-71.838425
19616.748047	-72.179054
19627.514648	-72.075150
19638.281250	-72.365997
19649.047852	-72.318680
19659.814453	-72.446098
19670.581055	-71.977303
19681.347656	-71.434746
19692.114258	-71.374313
19702.880859	-71.586433
19713.647461	-71.406349
19724.414062	-70.399994
19735.180664	-71.002441
19745.947266	-71.568100
19756.713867	-71.236275
19767.480469	-71.905640
19778.247070	-72.220161
19789.013672	-71.500954
19799.780273	-70.905342
19810.546875	-70.965164
19821.313477	-71.899094
19832.080078	-72.076439
19842.846680	-72.356018
19853.613281	-72.461761
19864.379883	-72.891884
19875.146484	-73.437218
19885.913086	-73.388611
19896.679688	-72.637642
19907.446289	-72.623650
19918.212891	-72.812950
19928.979492	-72.843338
19939.746094	-72.664749
19950.512695	-72.112015
19961.279297	-71.699951
19972.045898	-71.969696
19982.812500	-72.735809
19993.579102	-71.911491
20004.345703	-71.277161
20015.112305	-71.523598
20025.878906	-71.718567
20036.645508	-71.687355
20047.412109	-71.816963
20058.178711	-71.924873
20068.945312	-71.934822
20079.711914	-72.314636
20090.478516	-72.836250
20101.245117	-72.694824
20112.011719	-72.941383
20122.778320	-72.595146
20133.544922	-72.075035
20144.311523	-71.848526
20155.078125	-71.793221
20165.844727	-71.958794
20176.611328	-72.313499
20187.377930	-73.177811
20198.144531	-72.498116
20208.911133	-71.973648
20219.677734	-72.191971
20230.444336	-71.780403
20241.210938	-71.463280
20251.977539	-72.645264
20262.744141	-71.899719
20273.510742	-72.225136
20284.277344	-72.211304
20295.043945	-72.624153
20305.810547	-72.615959
20316.577148	-72.194389
20327.343750	-72.090912
20338.110352	-72.178772
20348.876953	-72.203171
20359.643555	-72.031410
20370.410156	-72.824287
20381.176758	-72.652832
20391.943359	-71.911850
20402.709961	-71.206200
20413.476562	-72.328522
20424.243164	-72.180878
20435.009766	-72.583221
20445.776367	-73.615639
20456.542969	-73.974098
20467.309570	-73.434204
20478.076172	-73.151657
20488.842773	-72.742989
20499.609375	-72.055862
20510.375977	-71.898201
20521.142578	-71.864937
20531.909180	-73.134331
20542.675781	-73.193947
20553.442383	-72.101234
20564.208984	-71.634987
20574.975586	-72.368858
20585.742188	-73.423950
20596.508789	-72.779366
20607.275391	-72.070496
20618.041992	-72.868645
20628.808594	-72.656273
20639.575195	-73.405327
20650.341797	-72.879639
20661.108398	-71.549095
20671.875000	-72.217186
20682.641602	-72.565475
20693.408203	-71.927696
20704.174805	-72.305450
20714.941406	-73.366035
20725.708008	-71.816010
20736.474609	-71.935478
20747.241211	-72.059715
20758.007812	-72.250359
20768.774414	-73.247414
20779.541016	-72.809082
20790.307617	-72.396469
20801.074219	-71.791237
20811.840820	-72.135582
20822.607422	-72.071098
20833.374023	-71.530373
20844.140625	-72.190254
20854.907227	-72.507965
20865.673828	-72.927933
20876.440430	-72.861305
20887.207031	-72.196373
20897.973633	-72.251617
20908.740234	-72.006638
20919.506836	-72.896622
20930.273438	-73.588974
20941.040039	-73.526001
20951.806641	-73.106255
20962.573242	-72.714142
20973.339844	-73.034637
20984.106445	-72.883720
20994.873047	-72.035019
21005.639648	-71.962746
21016.406250	-72.339912
21027.172852	-72.193474
21037.939453	-72.701004
21048.706055	-73.076790
21059.472656	-72.648384
21070.239258	-73.350731
21081.005859	-73.519463
21091.772461	-72.852966
21102.539062	-72.734161
21113.305664	-72.940048
21124.072266	-72.271606
21134.838867	-72.281097
21145.605469	-73.833641
21156.372070	-73.181931
21167.138672	-72.838760
21177.905273	-73.702347
21188.671875	-73.562462
21199.438477	-73.261452
21210.205078	-72.860504
21220.971680	-72.000473
21231.738281	-72.593651
21242.504883	-73.146263
21253.271484	-73.467995
21264.038086	-72.882576
21274.804688	-71.857727
21285.571289	-73.003716
21296.337891	-73.119926
21307.104492	-72.824600
21317.871094	-73.051361
21328.637695	-73.500000
21339.404297	-73.701065
21350.170898	-73.814880
21360.937500	-73.235832
21371.704102	-72.409508
21382.470703	-72.696373
21393.237305	-73.284492
21404.003906	-73.069481
21414.770508	-73.590126
21425.537109	-74.085388
21436.303711	-73.521935
21447.070312	-73.434418
21457.836914	-73.344711
21468.603516	-73.333305
21479.370117	-72.404747
21490.136719	-72.440590
21500.903320	-72.707481
21511.669922	-72.831444
21522.436523	-73.659958
21533.203125	-73.425415
21543.969727	-73.166374
21554.736328	-72.862228
21565.502930	-73.437569
21576.269531	-73.594048
21587.036133	-73.365372
21597.802734	-73.730347
21608.569336	-73.343483
21619.335938	-73.044701
21630.102539	-73.513374
21640.869141	-73.396149
21651.635742	-74.036583
21662.402344	-73.634949
21673.168945	-73.502464
21683.935547	-73.959282
21694.702148	-73.894806
21705.468750	-73.669991
21716.235352	-74.336586
21727.001953	-73.829132
21737.768555	-72.973648
21748.535156	-72.208458
21759.301758	-73.012062
21770.068359	-74.015884
21780.834961	-74.176895
21791.601562	-73.882797
21802.368164	-72.712250
21813.134766	-72.311584
21823.901367	-73.607735
21834.667969	-74.396484
21845.434570	-74.477707
21856.201172	-74.416573
21866.967773	-73.516052
21877.734375	-72.835716
21888.500977	-73.023438
21899.267578	-73.614754
21910.034180	-73.898605
21920.800781	-74.293121
21931.567383	-74.002182
21942.333984	-73.680054
21953.100586	-73.050461
21963.867188	-74.423645
21974.633789	-74.713196
21985.400391	-74.494850
21996.166992	-73.646614
22006.933594	-73.446075
22017.700195	-73.941299
22028.466797	-73.475082
22039.233398	-73.595711
