Frequency (Hz)	Level (dB)
10.766602	-48.567425
21.533203	-47.353359
32.299805	-46.789181
43.066406	-45.158817
53.833008	-45.391975
64.599609	-47.387653
75.366211	-42.332893
86.132812	-37.144859
96.899414	-34.458359
107.666016	-36.944824
118.432617	-40.174046
129.199219	-41.184288
139.965820	-40.745693
150.732422	-42.291237
161.499023	-45.008503
172.265625	-46.022018
183.032227	-46.305286
193.798828	-46.203526
204.565430	-44.282970
215.332031	-43.756538
226.098633	-43.614704
236.865234	-43.236477
247.631836	-43.252934
258.398438	-42.396851
269.165039	-41.029545
279.931641	-38.619804
290.698242	-38.630268
301.464844	-41.015877
312.231445	-42.921848
322.998047	-43.164463
333.764648	-43.699936
344.531250	-45.173195
355.297852	-44.748756
366.064453	-44.365139
376.831055	-44.299953
387.597656	-44.183846
398.364258	-44.487686
409.130859	-44.916897
419.897461	-45.465981
430.664062	-46.631496
441.430664	-47.504009
452.197266	-48.354977
462.963867	-48.443058
473.730469	-48.828838
484.497070	-49.489780
495.263672	-48.814056
506.030273	-46.819145
516.796875	-46.022999
527.563477	-46.427662
538.330078	-45.268784
549.096680	-43.724976
559.863281	-42.106007
570.629883	-41.641163
581.396484	-42.389927
592.163086	-42.414131
602.929688	-42.741337
613.696289	-43.884129
624.462891	-44.200676
635.229492	-43.872158
645.996094	-43.900085
656.762695	-42.640884
667.529297	-42.912762
678.295898	-43.834061
689.062500	-43.270226
699.829102	-43.079025
710.595703	-42.636040
721.362305	-40.183033
732.128906	-41.550011
742.895508	-44.463032
753.662109	-44.325649
764.428711	-44.199757
775.195312	-45.680931
785.961914	-45.814415
796.728516	-43.156105
807.495117	-42.917709
818.261719	-41.059494
829.028320	-39.672726
839.794922	-38.156845
850.561523	-38.487007
861.328125	-42.334827
872.094727	-44.752613
882.861328	-44.951931
893.627930	-43.645237
904.394531	-43.384022
915.161133	-45.029980
925.927734	-46.352951
936.694336	-47.760605
947.460938	-49.338127
958.227539	-47.829433
968.994141	-47.423882
979.760742	-46.759632
990.527344	-47.078518
1001.293945	-48.621029
1012.060547	-49.213070
1022.827148	-49.562683
1033.593750	-49.746304
1044.360352	-49.256989
1055.126953	-49.061050
1065.893555	-48.228310
1076.660156	-48.268604
1087.426758	-49.125927
1098.193359	-48.921528
1108.959961	-49.361355
1119.726562	-50.167633
1130.493164	-49.601727
1141.259766	-49.333477
1152.026367	-49.119690
1162.792969	-48.308659
1173.559570	-46.969791
1184.326172	-46.050232
1195.092773	-47.155735
1205.859375	-47.820580
1216.625977	-45.671455
1227.392578	-43.461071
1238.159180	-44.419525
1248.925781	-45.986233
1259.692383	-44.770931
1270.458984	-44.483624
1281.225586	-46.261139
1291.992188	-46.885483
1302.758789	-45.934452
1313.525391	-43.959713
1324.291992	-44.944519
1335.058594	-46.017677
1345.825195	-46.797176
1356.591797	-45.984150
1367.358398	-45.561970
1378.125000	-44.968563
1388.891602	-44.250568
1399.658203	-43.832630
1410.424805	-43.951675
1421.191406	-45.185646
1431.958008	-45.366215
1442.724609	-44.459839
1453.491211	-44.168839
1464.257812	-43.862427
1475.024414	-43.816830
1485.791016	-43.949986
1496.557617	-42.974342
1507.324219	-43.711018
1518.090820	-44.260799
1528.857422	-43.340698
1539.624023	-41.842892
1550.390625	-42.988602
1561.157227	-43.921135
1571.923828	-43.695602
1582.690430	-43.411968
1593.457031	-42.185966
1604.223633	-42.964039
1614.990234	-44.066780
1625.756836	-42.795952
1636.523438	-41.978004
1647.290039	-42.230999
1658.056641	-42.648960
1668.823242	-42.042271
1679.589844	-41.344864
1690.356445	-42.255474
1701.123047	-44.221573
1711.889648	-45.689796
1722.656250	-46.713848
1733.422852	-46.066689
1744.189453	-45.334438
1754.956055	-46.171001
1765.722656	-47.042866
1776.489258	-48.365822
1787.255859	-49.450191
1798.022461	-49.607914
1808.789062	-49.253735
1819.555664	-49.246780
1830.322266	-49.467506
1841.088867	-50.757328
1851.855469	-51.085968
1862.622070	-50.168362
1873.388672	-49.592606
1884.155273	-50.441658
1894.921875	-50.739265
1905.688477	-51.765026
1916.455078	-51.106441
1927.221680	-49.840042
1937.988281	-49.538227
1948.754883	-50.416187
1959.521484	-50.377769
1970.288086	-49.312103
1981.054688	-49.770569
1991.821289	-49.401409
2002.587891	-48.607433
2013.354492	-48.191525
2024.121094	-47.835758
2034.887695	-46.738152
2045.654297	-46.109936
2056.420898	-46.662895
2067.187500	-47.166439
2077.954102	-47.468166
2088.720703	-47.972645
2099.487305	-47.922642
2110.253906	-48.369213
2121.020508	-47.888008
2131.787109	-46.045757
2142.553711	-44.383636
2153.320312	-44.516525
2164.086914	-45.161854
2174.853516	-45.034653
2185.620117	-44.967541
2196.386719	-45.438744
2207.153320	-45.732674
2217.919922	-45.670216
2228.686523	-45.590515
2239.453125	-45.247913
2250.219727	-45.282894
2260.986328	-44.042904
2271.752930	-43.423622
2282.519531	-43.920979
2293.286133	-44.942684
2304.052734	-45.314575
2314.819336	-44.906528
2325.585938	-45.076900
2336.352539	-43.238850
2347.119141	-43.923706
2357.885742	-45.258549
2368.652344	-46.386677
2379.418945	-44.757633
2390.185547	-44.531120
2400.952148	-45.613297
2411.718750	-44.772835
2422.485352	-44.208252
2433.251953	-44.449070
2444.018555	-44.779419
2454.785156	-45.087833
2465.551758	-45.061588
2476.318359	-44.624947
2487.084961	-45.087551
2497.851562	-45.927830
2508.618164	-46.001389
2519.384766	-45.670383
2530.151367	-46.120262
2540.917969	-45.714127
2551.684570	-46.269836
2562.451172	-46.978390
2573.217773	-46.393963
2583.984375	-46.181053
2594.750977	-46.318150
2605.517578	-46.494423
2616.284180	-46.185146
2627.050781	-45.398762
2637.817383	-46.311054
2648.583984	-46.850513
2659.350586	-47.339306
2670.117188	-47.928921
2680.883789	-48.728184
2691.650391	-49.308800
2702.416992	-49.061520
2713.183594	-49.397015
2723.950195	-50.534634
2734.716797	-51.124977
2745.483398	-51.074818
2756.250000	-50.311192
2767.016602	-50.559341
2777.783203	-51.604050
2788.549805	-52.379486
2799.316406	-52.728634
2810.083008	-53.266277
2820.849609	-53.469368
2831.616211	-53.687305
2842.382812	-54.468945
2853.149414	-53.691990
2863.916016	-53.660118
2874.682617	-54.709400
2885.449219	-54.603893
2896.215820	-54.380787
2906.982422	-54.229053
2917.749023	-54.699451
2928.515625	-55.502319
2939.282227	-55.384396
2950.048828	-55.401146
2960.815430	-54.405956
2971.582031	-54.160194
2982.348633	-55.286907
2993.115234	-55.338642
3003.881836	-54.790184
3014.648438	-54.288364
3025.415039	-54.241810
3036.181641	-54.550140
3046.948242	-55.758228
3057.714844	-55.301189
3068.481445	-55.513184
3079.248047	-54.746227
3090.014648	-54.642723
3100.781250	-55.316700
3111.547852	-55.153805
3122.314453	-53.890949
3133.081055	-53.645008
3143.847656	-53.126320
3154.614258	-52.317936
3165.380859	-53.073849
3176.147461	-53.066776
3186.914062	-52.907520
3197.680664	-51.553650
3208.447266	-51.617897
3219.213867	-52.235123
3229.980469	-52.220654
3240.747070	-52.467964
3251.513672	-52.812458
3262.280273	-52.452435
3273.046875	-52.767811
3283.813477	-52.981899
3294.580078	-52.414944
3305.346680	-51.792286
3316.113281	-52.317085
3326.879883	-52.148884
3337.646484	-52.388809
3348.413086	-53.220619
3359.179688	-53.381428
3369.946289	-53.230370
3380.712891	-53.735798
3391.479492	-54.726974
3402.246094	-53.981838
3413.012695	-52.863049
3423.779297	-52.869598
3434.545898	-53.195793
3445.312500	-53.267658
3456.079102	-53.365982
3466.845703	-53.989494
3477.612305	-54.478600
3488.378906	-54.290768
3499.145508	-53.870274
3509.912109	-52.957695
3520.678711	-52.852337
3531.445312	-53.700443
3542.211914	-54.255745
3552.978516	-54.089035
3563.745117	-54.044552
3574.511719	-53.937180
3585.278320	-53.271423
3596.044922	-53.803268
3606.811523	-53.519203
3617.578125	-53.521641
3628.344727	-53.477806
3639.111328	-53.821053
3649.877930	-51.656063
3660.644531	-51.698711
3671.411133	-53.736774
3682.177734	-55.055275
3692.944336	-54.698189
3703.710938	-54.145107
3714.477539	-55.008270
3725.244141	-55.471447
3736.010742	-55.342667
3746.777344	-55.724358
3757.543945	-56.472313
3768.310547	-56.378853
3779.077148	-56.599766
3789.843750	-56.315239
3800.610352	-56.265625
3811.376953	-56.913395
3822.143555	-57.292706
3832.910156	-57.204536
3843.676758	-56.887585
3854.443359	-57.130356
3865.209961	-57.697735
3875.976562	-57.772896
3886.743164	-57.764561
3897.509766	-57.605877
3908.276367	-57.629089
3919.042969	-57.598930
3929.809570	-58.105480
3940.576172	-58.157204
3951.342773	-57.877113
3962.109375	-57.616467
3972.875977	-57.539444
3983.642578	-57.774345
3994.409180	-57.826637
4005.175781	-57.966618
4015.942383	-58.249355
4026.708984	-58.657799
4037.475586	-58.485191
4048.242188	-58.275932
4059.008789	-58.223362
4069.775391	-58.220055
4080.541992	-58.494102
4091.308594	-58.766621
4102.075195	-58.393456
4112.841797	-57.966846
4123.608398	-57.871517
4134.375000	-57.695297
4145.141602	-58.137978
4155.908203	-58.078583
4166.674805	-58.016949
4177.441406	-58.030403
4188.208008	-58.100845
4198.974609	-58.379925
4209.741211	-58.300282
4220.507812	-57.932541
4231.274414	-58.254349
4242.041016	-58.280624
4252.807617	-58.344017
4263.574219	-58.426338
4274.340820	-58.434933
4285.107422	-58.410847
4295.874023	-58.425518
4306.640625	-58.539566
4317.407227	-58.036297
4328.173828	-58.691406
4338.940430	-59.104382
4349.707031	-58.739799
4360.473633	-58.259804
4371.240234	-57.990955
4382.006836	-58.080647
4392.773438	-58.349266
4403.540039	-58.125900
4414.306641	-58.262115
4425.073242	-58.515728
4435.839844	-58.329624
4446.606445	-58.063568
4457.373047	-58.186836
4468.139648	-58.406162
4478.906250	-57.659077
4489.672852	-58.332504
4500.439453	-58.532467
4511.206055	-58.173157
4521.972656	-58.112137
4532.739258	-57.804501
4543.505859	-58.343555
4554.272461	-58.519936
4565.039062	-57.928406
4575.805664	-57.977383
4586.572266	-58.025558
4597.338867	-58.246758
4608.105469	-58.268284
4618.872070	-58.045471
4629.638672	-58.367188
4640.405273	-58.674328
4651.171875	-58.281410
4661.938477	-58.186775
4672.705078	-57.852333
4683.471680	-57.750969
4694.238281	-57.568840
4705.004883	-57.731647
4715.771484	-57.828358
4726.538086	-57.701443
4737.304688	-57.226204
4748.071289	-57.385952
4758.837891	-56.541790
4769.604492	-56.209255
4780.371094	-56.506474
4791.137695	-57.100014
4801.904297	-57.352314
4812.670898	-57.349194
4823.437500	-57.322380
4834.204102	-57.067707
4844.970703	-56.966789
4855.737305	-56.969666
4866.503906	-57.210514
4877.270508	-57.655769
4888.037109	-57.848747
4898.803711	-57.948849
4909.570312	-57.325386
4920.336914	-57.522850
4931.103516	-57.653023
4941.870117	-57.784054
4952.636719	-57.740650
4963.403320	-58.547787
4974.169922	-58.568665
4984.936523	-58.749783
4995.703125	-58.843979
5006.469727	-58.781033
5017.236328	-58.744843
5028.002930	-58.402199
5038.769531	-58.268021
5049.536133	-58.336018
5060.302734	-58.139412
5071.069336	-58.291416
5081.835938	-58.686150
5092.602539	-58.626141
5103.369141	-58.747856
5114.135742	-58.785778
5124.902344	-58.784168
5135.668945	-58.851063
5146.435547	-58.550407
5157.202148	-58.498425
5167.968750	-58.378464
5178.735352	-58.354485
5189.501953	-58.720974
5200.268555	-59.135410
5211.035156	-59.059608
5221.801758	-59.117939
5232.568359	-59.096630
5243.334961	-59.142567
5254.101562	-59.305481
5264.868164	-59.320450
5275.634766	-59.221840
5286.401367	-59.366379
5297.167969	-59.189411
5307.934570	-59.187359
5318.701172	-59.344330
5329.467773	-59.437141
5340.234375	-59.079613
5351.000977	-59.066887
5361.767578	-59.114708
5372.534180	-59.095917
5383.300781	-59.113148
5394.067383	-59.281681
5404.833984	-59.328941
5415.600586	-59.431473
5426.367188	-59.396023
5437.133789	-59.355110
5447.900391	-59.353577
5458.666992	-59.253620
5469.433594	-59.228405
5480.200195	-58.893597
5490.966797	-59.101501
5501.733398	-59.172615
5512.500000	-58.952919
5523.266602	-58.918339
5534.033203	-58.815128
5544.799805	-58.759567
5555.566406	-58.310001
5566.333008	-58.191578
5577.099609	-58.290657
5587.866211	-58.604149
5598.632812	-58.359192
5609.399414	-58.040436
5620.166016	-58.149780
5630.932617	-58.605728
5641.699219	-58.725906
5652.465820	-58.753952
5663.232422	-58.386730
5673.999023	-57.810276
5684.765625	-58.041683
5695.532227	-58.217697
5706.298828	-57.927216
5717.065430	-58.213234
5727.832031	-58.348877
5738.598633	-58.016098
5749.365234	-58.291924
5760.131836	-58.754307
5770.898438	-58.712303
5781.665039	-58.652199
5792.431641	-58.654846
5803.198242	-58.557198
5813.964844	-58.472237
5824.731445	-58.549549
5835.498047	-58.569744
5846.264648	-58.441517
5857.031250	-58.670990
5867.797852	-58.680374
5878.564453	-58.833504
5889.331055	-58.812298
5900.097656	-58.751686
5910.864258	-58.600269
5921.630859	-58.686172
5932.397461	-59.193813
5943.164062	-59.282429
5953.930664	-58.986908
5964.697266	-59.240650
5975.463867	-59.197540
5986.230469	-58.929665
5996.997070	-58.927780
6007.763672	-58.901909
6018.530273	-58.955341
6029.296875	-59.043465
6040.063477	-59.092453
6050.830078	-59.664288
6061.596680	-59.380394
6072.363281	-59.044903
6083.129883	-59.342949
6093.896484	-59.332600
6104.663086	-59.133301
6115.429688	-59.078075
6126.196289	-59.322277
6136.962891	-59.553917
6147.729492	-59.193310
6158.496094	-59.210121
6169.262695	-59.402561
6180.029297	-59.485855
6190.795898	-59.340397
6201.562500	-58.895565
6212.329102	-59.143723
6223.095703	-59.224098
6233.862305	-59.224293
6244.628906	-59.479279
6255.395508	-59.353252
6266.162109	-59.492245
6276.928711	-59.602104
6287.695312	-59.281281
6298.461914	-59.355766
6309.228516	-59.648926
6319.995117	-59.585247
6330.761719	-59.174580
6341.528320	-59.134968
6352.294922	-59.291668
6363.061523	-59.370895
6373.828125	-59.169010
6384.594727	-59.068363
6395.361328	-59.076447
6406.127930	-59.229801
6416.894531	-59.377907
6427.661133	-59.284702
6438.427734	-59.336037
6449.194336	-59.666416
6459.960938	-59.436325
6470.727539	-59.366726
6481.494141	-59.346340
6492.260742	-59.432549
6503.027344	-59.238716
6513.793945	-59.441257
6524.560547	-59.362755
6535.327148	-59.451023
6546.093750	-59.557590
6556.860352	-59.480072
6567.626953	-59.517529
6578.393555	-59.256248
6589.160156	-59.109711
6599.926758	-59.474277
6610.693359	-59.640743
6621.459961	-59.359753
6632.226562	-59.163498
6642.993164	-59.253651
6653.759766	-59.302166
6664.526367	-59.227062
6675.292969	-59.365597
6686.059570	-59.159153
6696.826172	-58.690269
6707.592773	-58.630646
6718.359375	-58.582603
6729.125977	-59.017162
6739.892578	-58.838615
6750.659180	-58.510410
6761.425781	-58.866993
6772.192383	-59.032917
6782.958984	-58.705521
6793.725586	-58.786060
6804.492188	-58.899902
6815.258789	-59.187771
6826.025391	-59.223675
6836.791992	-59.540115
6847.558594	-59.201813
6858.325195	-59.006741
6869.091797	-59.303459
6879.858398	-59.194786
6890.625000	-59.075245
6901.391602	-58.897266
6912.158203	-59.024132
6922.924805	-59.041199
6933.691406	-58.843479
6944.458008	-58.730301
6955.224609	-58.709644
6965.991211	-59.002857
6976.757812	-59.165310
6987.524414	-59.021233
6998.291016	-58.917591
7009.057617	-58.982391
7019.824219	-59.125187
7030.590820	-59.324879
7041.357422	-59.122276
7052.124023	-59.068249
7062.890625	-59.415455
7073.657227	-59.219257
7084.423828	-59.466785
7095.190430	-59.421799
7105.957031	-59.335941
7116.723633	-59.283237
7127.490234	-59.251469
7138.256836	-59.490044
7149.023438	-59.389240
7159.790039	-59.242607
7170.556641	-59.270451
7181.323242	-59.166130
7192.089844	-59.142876
7202.856445	-59.418648
7213.623047	-59.326103
7224.389648	-59.069115
7235.156250	-58.952770
7245.922852	-58.870968
7256.689453	-58.851570
7267.456055	-58.481174
7278.222656	-58.259937
7288.989258	-58.677399
7299.755859	-58.876122
7310.522461	-58.689312
7321.289062	-58.879711
7332.055664	-59.105324
7342.822266	-59.415592
7353.588867	-59.217472
7364.355469	-58.720127
7375.122070	-58.388905
7385.888672	-58.410076
7396.655273	-58.979179
7407.421875	-59.044216
7418.188477	-58.907890
7428.955078	-58.968636
7439.721680	-59.366806
7450.488281	-59.328190
7461.254883	-59.165924
7472.021484	-59.189667
7482.788086	-58.885159
7493.554688	-58.769363
7504.321289	-59.056087
7515.087891	-58.938541
7525.854492	-58.907394
7536.621094	-58.985287
7547.387695	-59.598282
7558.154297	-59.244556
7568.920898	-59.278950
7579.687500	-59.378178
7590.454102	-59.382080
7601.220703	-59.098862
7611.987305	-58.791241
7622.753906	-58.456951
7633.520508	-58.703770
7644.287109	-58.980930
7655.053711	-58.934666
7665.820312	-58.681801
7676.586914	-59.053787
7687.353516	-59.332661
7698.120117	-59.113655
7708.886719	-58.287189
7719.653320	-58.361145
7730.419922	-59.008678
7741.186523	-59.040279
7751.953125	-58.737850
7762.719727	-59.087589
7773.486328	-59.599300
7784.252930	-59.617458
7795.019531	-59.425064
7805.786133	-59.318176
7816.552734	-59.392132
7827.319336	-59.529839
7838.085938	-59.112736
7848.852539	-58.841995
7859.619141	-58.657631
7870.385742	-58.879753
7881.152344	-58.892651
7891.918945	-58.926472
7902.685547	-58.579582
7913.452148	-57.991383
7924.218750	-57.865143
7934.985352	-58.214832
7945.751953	-58.275539
7956.518555	-58.287666
7967.285156	-58.412571
7978.051758	-58.245831
7988.818359	-57.962082
7999.584961	-57.708321
8010.351562	-57.998257
8021.118164	-58.558472
8031.884766	-58.668327
8042.651367	-58.289257
8053.417969	-58.678337
8064.184570	-59.126888
8074.951172	-58.810883
8085.717773	-58.874332
8096.484375	-58.769154
8107.250977	-57.661892
8118.017578	-57.268806
8128.784180	-58.314144
8139.550781	-58.938110
8150.317383	-57.882133
8161.083984	-57.589561
8171.850586	-57.607883
8182.617188	-57.931171
8193.383789	-58.044235
8204.150391	-57.468044
8214.916992	-57.323792
8225.683594	-58.770355
8236.450195	-59.112301
8247.216797	-58.353989
8257.983398	-57.107166
8268.750000	-56.798328
8279.516602	-57.774948
8290.283203	-57.886189
8301.049805	-58.057262
8311.816406	-57.877529
8322.583008	-57.719296
8333.349609	-57.644585
8344.116211	-57.917286
8354.882812	-57.969437
8365.649414	-58.059734
8376.416016	-58.446350
8387.182617	-58.472641
8397.949219	-58.316856
8408.715820	-58.394058
8419.482422	-57.864750
8430.249023	-57.075577
8441.015625	-57.063454
8451.782227	-57.540997
8462.548828	-57.333206
8473.315430	-56.689388
8484.082031	-56.780090
8494.848633	-58.388927
8505.615234	-58.521889
8516.381836	-57.498478
8527.148438	-57.707378
8537.915039	-58.860527
8548.681641	-58.206696
8559.448242	-57.755581
8570.214844	-57.262650
8580.981445	-57.431412
8591.748047	-58.211838
8602.514648	-58.006985
8613.281250	-58.233074
8624.047852	-58.417255
8634.814453	-58.011078
8645.581055	-57.336956
8656.347656	-57.753681
8667.114258	-58.889809
8677.880859	-58.554039
8688.647461	-58.137684
8699.414062	-58.129791
8710.180664	-58.379074
8720.947266	-58.322433
8731.713867	-58.266685
8742.480469	-58.244553
8753.247070	-58.108562
8764.013672	-57.735325
8774.780273	-58.594620
8785.546875	-58.511669
8796.313477	-57.657486
8807.080078	-56.833557
8817.846680	-57.713413
8828.613281	-59.082294
8839.379883	-58.976559
8850.146484	-59.190571
8860.913086	-58.939014
8871.679688	-59.127647
8882.446289	-59.200111
8893.212891	-59.373642
8903.979492	-59.168488
8914.746094	-59.270477
8925.512695	-59.037319
8936.279297	-58.741592
8947.045898	-59.102505
8957.812500	-59.015511
8968.579102	-59.018742
8979.345703	-59.024132
8990.112305	-58.994156
9000.878906	-59.063480
9011.645508	-59.260174
9022.412109	-58.564102
9033.178711	-58.751743
9043.945312	-59.163177
9054.711914	-59.118477
9065.478516	-58.623272
9076.245117	-58.409531
9087.011719	-58.576962
9097.778320	-58.690975
9108.544922	-58.627121
9119.311523	-58.882469
9130.078125	-59.166569
9140.844727	-58.257225
9151.611328	-57.775574
9162.377930	-57.465759
9173.144531	-58.128578
9183.911133	-58.384274
9194.677734	-58.015045
9205.444336	-58.150852
9216.210938	-58.641396
9226.977539	-58.484730
9237.744141	-58.523403
9248.510742	-58.359516
9259.277344	-58.797173
9270.043945	-59.513535
9280.810547	-58.769318
9291.577148	-58.561302
9302.343750	-58.987175
9313.110352	-58.592709
9323.876953	-58.167480
9334.643555	-58.070698
9345.410156	-58.455971
9356.176758	-58.553036
9366.943359	-58.565662
9377.709961	-58.937187
9388.476562	-58.894382
9399.243164	-58.778080
9410.009766	-58.518646
9420.776367	-58.484722
9431.542969	-58.634609
9442.309570	-58.329910
9453.076172	-58.588501
9463.842773	-58.208622
9474.609375	-58.348068
9485.375977	-58.307957
9496.142578	-58.120270
9506.909180	-57.755093
9517.675781	-57.256054
9528.442383	-58.099747
9539.208984	-58.498478
9549.975586	-57.924149
9560.742188	-58.662128
9571.508789	-58.457638
9582.275391	-58.321468
9593.041992	-58.357773
9603.808594	-58.550423
9614.575195	-58.845284
9625.341797	-58.733402
9636.108398	-58.452412
9646.875000	-58.278236
9657.641602	-58.643299
9668.408203	-58.325474
9679.174805	-58.248730
9689.941406	-58.529457
9700.708008	-58.547050
9711.474609	-58.610668
9722.241211	-58.996208
9733.007812	-58.858440
9743.774414	-59.169510
9754.541016	-58.936207
9765.307617	-58.609612
9776.074219	-58.910400
9786.840820	-59.053989
9797.607422	-59.062157
9808.374023	-59.285206
9819.140625	-59.240383
9829.907227	-59.002789
9840.673828	-58.832085
9851.440430	-58.405571
9862.207031	-58.457607
9872.973633	-58.560810
9883.740234	-58.917110
9894.506836	-59.465981
9905.273438	-59.083584
9916.040039	-59.048809
9926.806641	-59.379627
9937.573242	-59.543728
9948.339844	-59.485687
9959.106445	-59.133148
9969.873047	-59.101711
9980.639648	-59.002647
9991.406250	-58.872581
10002.172852	-58.864182
10012.939453	-59.459759
10023.706055	-59.447182
10034.472656	-59.083122
10045.239258	-59.377796
10056.005859	-59.177052
10066.772461	-58.836281
10077.539062	-59.191498
10088.305664	-59.428009
10099.072266	-59.403221
10109.838867	-59.306953
10120.605469	-58.920921
10131.372070	-58.950756
10142.138672	-59.272663
10152.905273	-59.149548
10163.671875	-59.296131
10174.438477	-59.430786
10185.205078	-59.670967
10195.971680	-59.502075
10206.738281	-59.128426
10217.504883	-59.327225
10228.271484	-59.491291
10239.038086	-59.463879
10249.804688	-59.574924
10260.571289	-59.601242
10271.337891	-59.641602
10282.104492	-59.202461
10292.871094	-59.375290
10303.637695	-59.303585
10314.404297	-59.364559
10325.170898	-59.545940
10335.937500	-59.338394
10346.704102	-59.271667
10357.470703	-59.093582
10368.237305	-59.041092
10379.003906	-58.903404
10389.770508	-59.184063
10400.537109	-59.659359
10411.303711	-59.539516
10422.070312	-59.424576
10432.836914	-59.288769
10443.603516	-59.259762
10454.370117	-59.330326
10465.136719	-59.524376
10475.903320	-59.672691
10486.669922	-59.449879
10497.436523	-59.477276
10508.203125	-59.049080
10518.969727	-59.093575
10529.736328	-59.363598
10540.502930	-59.361038
10551.269531	-59.544609
10562.036133	-59.721634
10572.802734	-59.159058
10583.569336	-59.101395
10594.335938	-59.646648
10605.102539	-59.948475
10615.869141	-59.666771
10626.635742	-59.474545
10637.402344	-59.218147
10648.168945	-59.244400
10658.935547	-59.810223
10669.702148	-59.608467
10680.468750	-59.325939
10691.235352	-59.218540
10702.001953	-59.486053
10712.768555	-59.546646
10723.535156	-59.359032
10734.301758	-59.228821
10745.068359	-59.354637
10755.834961	-59.506496
10766.601562	-59.633957
10777.368164	-59.698811
10788.134766	-59.598774
10798.901367	-59.694069
10809.667969	-59.689384
10820.434570	-59.699413
10831.201172	-59.619801
10841.967773	-59.919830
10852.734375	-59.901104
10863.500977	-59.766045
10874.267578	-60.078648
10885.034180	-60.004211
10895.800781	-59.904282
10906.567383	-59.686668
10917.333984	-59.761303
10928.100586	-60.069588
10938.867188	-59.623375
10949.633789	-59.555813
10960.400391	-59.407280
10971.166992	-59.282810
10981.933594	-59.694107
10992.700195	-59.780907
11003.466797	-59.854656
11014.233398	-59.967503
11025.000000	-59.398151
11035.766602	-59.321514
11046.533203	-59.692516
11057.299805	-59.558994
11068.066406	-59.402336
11078.833008	-59.748558
11089.599609	-59.684219
11100.366211	-59.538895
11111.132812	-59.809647
11121.899414	-59.440659
11132.666016	-59.566776
11143.432617	-59.879250
11154.199219	-59.927986
11164.965820	-60.085567
11175.732422	-59.699100
11186.499023	-59.410252
11197.265625	-59.724674
11208.032227	-59.845970
11218.798828	-59.564991
11229.565430	-59.671055
11240.332031	-59.798809
11251.098633	-59.892643
11261.865234	-59.877857
11272.631836	-59.967850
11283.398438	-59.832256
11294.165039	-59.611759
11304.931641	-59.801579
11315.698242	-59.799290
11326.464844	-60.081116
11337.231445	-59.833000
11347.998047	-59.798515
11358.764648	-59.661865
11369.531250	-59.581059
11380.297852	-59.781136
11391.064453	-59.556713
11401.831055	-59.518288
11412.597656	-59.611629
11423.364258	-59.206806
11434.130859	-59.491108
11444.897461	-59.702152
11455.664062	-59.972282
11466.430664	-59.505276
11477.197266	-59.550346
11487.963867	-59.636353
11498.730469	-59.598228
11509.497070	-59.680729
11520.263672	-59.828995
11531.030273	-59.722900
11541.796875	-59.454159
11552.563477	-59.576473
11563.330078	-59.581997
11574.096680	-59.727322
11584.863281	-59.537403
11595.629883	-59.452465
11606.396484	-59.775795
11617.163086	-59.878647
11627.929688	-59.603642
11638.696289	-59.743210
11649.462891	-59.846523
11660.229492	-59.653942
11670.996094	-59.425808
11681.762695	-59.397602
11692.529297	-59.288200
11703.295898	-59.324814
11714.062500	-59.641052
11724.829102	-59.914791
11735.595703	-59.785088
11746.362305	-59.664837
11757.128906	-59.760040
11767.895508	-59.704453
11778.662109	-59.393368
11789.428711	-59.638783
11800.195312	-59.743389
11810.961914	-59.531204
11821.728516	-59.602970
11832.495117	-59.777515
11843.261719	-59.667511
11854.028320	-59.615364
11864.794922	-59.626518
11875.561523	-59.766838
11886.328125	-59.675148
11897.094727	-59.597839
11907.861328	-59.875214
11918.627930	-59.899166
11929.394531	-59.834518
11940.161133	-59.629742
11950.927734	-59.509056
11961.694336	-59.647823
11972.460938	-59.826302
11983.227539	-59.463684
11993.994141	-59.492455
12004.760742	-59.841957
12015.527344	-60.023529
12026.293945	-59.875813
12037.060547	-59.846043
12047.827148	-59.722961
12058.593750	-59.513500
12069.360352	-59.498894
12080.126953	-59.655380
12090.893555	-59.597897
12101.660156	-59.546024
12112.426758	-59.732471
12123.193359	-59.768639
12133.959961	-59.879002
12144.726562	-59.969421
12155.493164	-60.024609
12166.259766	-60.083675
12177.026367	-59.895798
12187.792969	-59.509830
12198.559570	-59.616051
12209.326172	-59.660694
12220.092773	-59.896030
12230.859375	-59.742538
12241.625977	-59.812599
12252.392578	-59.886463
12263.159180	-59.829491
12273.925781	-59.733974
12284.692383	-59.763062
12295.458984	-59.808678
12306.225586	-59.812336
12316.992188	-59.621067
12327.758789	-59.849461
12338.525391	-59.980122
12349.291992	-59.763165
12360.058594	-60.162277
12370.825195	-60.217400
12381.591797	-59.830063
12392.358398	-59.845802
12403.125000	-59.775738
12413.891602	-60.081177
12424.658203	-59.906254
12435.424805	-59.894268
12446.191406	-59.772308
12456.958008	-59.931458
12467.724609	-59.986961
12478.491211	-59.812569
12489.257812	-59.942928
12500.024414	-59.932556
12510.791016	-59.916210
12521.557617	-59.891830
12532.324219	-59.697941
12543.090820	-59.843204
12553.857422	-59.926754
12564.624023	-59.628063
12575.390625	-59.790073
12586.157227	-59.901299
12596.923828	-60.129292
12607.690430	-59.983620
12618.457031	-59.976860
12629.223633	-59.736816
12639.990234	-59.563232
12650.756836	-60.031998
12661.523438	-59.935055
12672.290039	-59.543880
12683.056641	-59.818100
12693.823242	-59.697350
12704.589844	-59.801079
12715.356445	-59.963791
12726.123047	-59.886978
12736.889648	-59.823650
12747.656250	-59.744308
12758.422852	-59.829033
12769.189453	-59.876648
12779.956055	-59.993542
12790.722656	-59.979389
12801.489258	-60.109283
12812.255859	-60.293789
12823.022461	-60.502224
12833.789062	-60.153069
12844.555664	-60.036587
12855.322266	-59.767963
12866.088867	-59.858273
12876.855469	-59.879971
12887.622070	-59.781025
12898.388672	-59.967285
12909.155273	-60.213531
12919.921875	-60.041645
12930.688477	-60.038288
12941.455078	-59.952438
12952.221680	-59.873703
12962.988281	-59.931522
12973.754883	-59.953281
12984.521484	-59.877472
12995.288086	-60.131584
13006.054688	-60.011749
13016.821289	-59.891285
13027.587891	-59.987297
13038.354492	-60.039143
13049.121094	-59.792225
13059.887695	-59.679665
13070.654297	-59.635933
13081.420898	-59.720196
13092.187500	-59.900406
13102.954102	-60.012688
13113.720703	-60.035461
13124.487305	-60.015175
13135.253906	-59.900982
13146.020508	-59.690948
13156.787109	-59.707836
13167.553711	-59.863464
13178.320312	-60.008713
13189.086914	-60.407520
13199.853516	-60.108940
13210.620117	-59.915051
13221.386719	-59.977390
13232.153320	-59.952835
13242.919922	-59.827755
13253.686523	-59.756084
13264.453125	-59.696434
13275.219727	-59.928223
13285.986328	-59.864971
13296.752930	-59.747517
13307.519531	-59.734699
13318.286133	-59.853188
13329.052734	-59.800484
13339.819336	-59.905258
13350.585938	-60.146454
13361.352539	-60.151299
13372.119141	-59.979607
13382.885742	-59.844284
13393.652344	-59.681099
13404.418945	-59.807636
13415.185547	-59.868504
13425.952148	-59.994743
13436.718750	-60.063686
13447.485352	-59.889179
13458.251953	-59.945332
13469.018555	-59.847900
13479.785156	-59.768135
13490.551758	-59.770069
13501.318359	-59.728596
13512.084961	-59.963802
13522.851562	-59.964424
13533.618164	-60.128368
13544.384766	-59.931480
13555.151367	-59.926483
13565.917969	-59.844738
13576.684570	-59.810711
13587.451172	-59.964195
13598.217773	-59.945499
13608.984375	-59.916206
13619.750977	-60.001629
13630.517578	-60.046139
13641.284180	-60.003094
13652.050781	-59.956001
13662.817383	-59.937248
13673.583984	-59.862621
13684.350586	-59.872616
13695.117188	-60.299110
13705.883789	-60.090584
13716.650391	-60.060825
13727.416992	-59.970551
13738.183594	-60.019035
13748.950195	-60.078144
13759.716797	-59.878056
13770.483398	-60.105732
13781.250000	-60.262398
13792.016602	-59.908749
13802.783203	-59.912888
13813.549805	-59.918713
13824.316406	-59.877071
13835.083008	-60.070572
13845.849609	-60.085762
13856.616211	-59.726330
13867.382812	-59.723240
13878.149414	-59.868202
13888.916016	-59.906513
13899.682617	-59.647682
13910.449219	-59.794651
13921.215820	-60.176472
13931.982422	-60.118973
13942.749023	-59.945889
13953.515625	-59.927849
13964.282227	-60.194782
13975.048828	-60.127377
13985.815430	-59.856148
13996.582031	-59.664928
14007.348633	-59.730186
14018.115234	-59.883026
14028.881836	-60.017200
14039.648438	-59.970188
14050.415039	-60.157478
14061.181641	-59.996315
14071.948242	-59.946667
14082.714844	-59.874290
14093.481445	-59.974552
14104.248047	-60.500763
14115.014648	-60.239788
14125.781250	-59.783798
14136.547852	-59.997147
14147.314453	-60.020870
14158.081055	-60.135502
14168.847656	-60.078480
14179.614258	-59.914112
14190.380859	-60.032768
14201.147461	-60.083298
14211.914062	-59.884937
14222.680664	-60.081524
14233.447266	-60.075573
14244.213867	-59.867531
14254.980469	-60.089710
14265.747070	-59.887966
14276.513672	-59.808804
14287.280273	-60.033451
14298.046875	-60.005039
14308.813477	-60.085682
14319.580078	-60.058750
14330.346680	-60.052395
14341.113281	-59.985188
14351.879883	-59.913490
14362.646484	-59.780396
14373.413086	-59.782249
14384.179688	-59.917011
14394.946289	-60.076851
14405.712891	-60.073235
14416.479492	-60.239666
14427.246094	-60.293873
14438.012695	-60.006996
14448.779297	-59.562260
14459.545898	-59.741489
14470.312500	-59.854172
14481.079102	-59.798393
14491.845703	-60.012238
14502.612305	-59.849987
14513.378906	-60.029453
14524.145508	-60.120468
14534.912109	-60.103676
14545.678711	-60.199406
14556.445312	-60.210388
14567.211914	-60.142685
14577.978516	-60.046532
14588.745117	-59.851730
14599.511719	-59.886738
14610.278320	-59.706581
14621.044922	-59.845383
14631.811523	-59.993095
14642.578125	-59.978642
14653.344727	-59.868492
14664.111328	-59.990627
14674.877930	-60.013275
14685.644531	-60.263481
14696.411133	-60.396400
14707.177734	-60.250332
14717.944336	-59.978703
14728.710938	-60.021446
14739.477539	-60.085163
14750.244141	-59.857990
14761.010742	-59.820087
14771.777344	-59.935349
14782.543945	-60.186451
14793.310547	-60.013103
14804.077148	-59.848351
14814.843750	-59.823494
14825.610352	-59.936424
14836.376953	-60.215851
14847.143555	-60.095490
14857.910156	-59.934425
14868.676758	-60.042217
14879.443359	-59.976543
14890.209961	-59.985271
14900.976562	-59.841862
14911.743164	-59.803234
14922.509766	-59.978142
14933.276367	-59.951614
14944.042969	-60.040813
14954.809570	-59.957157
14965.576172	-59.814625
14976.342773	-59.987717
14987.109375	-60.160442
14997.875977	-59.970421
15008.642578	-59.705231
15019.409180	-59.848427
15030.175781	-60.126835
15040.942383	-60.184334
15051.708984	-60.120506
15062.475586	-60.089493
15073.242188	-60.084698
15084.008789	-60.109192
15094.775391	-59.853832
15105.541992	-59.683735
15116.308594	-59.666656
15127.075195	-59.968960
15137.841797	-59.918228
15148.608398	-60.009560
15159.375000	-59.887039
15170.141602	-59.953785
15180.908203	-60.117069
15191.674805	-60.161610
15202.441406	-59.699696
15213.208008	-59.724411
15223.974609	-59.908245
15234.741211	-60.030594
15245.507812	-60.169411
15256.274414	-60.393993
15267.041016	-60.185898
15277.807617	-60.023338
15288.574219	-60.102428
15299.340820	-59.872910
15310.107422	-59.940853
15320.874023	-59.909668
15331.640625	-59.860371
15342.407227	-60.166553
15353.173828	-60.305355
15363.940430	-60.029362
15374.707031	-59.669621
15385.473633	-59.880657
15396.240234	-60.022060
15407.006836	-60.168503
15417.773438	-60.031288
15428.540039	-60.080971
15439.306641	-60.043728
15450.073242	-59.787777
15460.839844	-60.044174
15471.606445	-60.056160
15482.373047	-60.016716
15493.139648	-60.046211
15503.906250	-60.078018
15514.672852	-59.823559
15525.439453	-59.825676
15536.206055	-60.172806
15546.972656	-60.137691
15557.739258	-59.977737
15568.505859	-60.302986
15579.272461	-60.259392
15590.039062	-59.699726
15600.805664	-59.708744
15611.572266	-59.781319
15622.338867	-59.870682
15633.105469	-59.855171
15643.872070	-59.963802
15654.638672	-59.971272
15665.405273	-60.039108
15676.171875	-60.155636
15686.938477	-60.290997
15697.705078	-60.053303
15708.471680	-60.339005
15719.238281	-60.224419
15730.004883	-60.088203
15740.771484	-60.111725
15751.538086	-60.056713
15762.304688	-59.685711
15773.071289	-60.033760
15783.837891	-60.362869
15794.604492	-59.915367
15805.371094	-59.964119
15816.137695	-59.707531
15826.904297	-59.806564
15837.670898	-59.745430
15848.437500	-59.924664
15859.204102	-60.043587
15869.970703	-60.000458
15880.737305	-59.952644
15891.503906	-60.141724
15902.270508	-59.888374
15913.037109	-60.190250
15923.803711	-60.429283
15934.570312	-60.200665
15945.336914	-60.157745
15956.103516	-60.085388
15966.870117	-60.044613
15977.636719	-60.209587
15988.403320	-60.247169
15999.169922	-60.185566
16009.936523	-59.955429
16020.703125	-59.998817
16031.469727	-59.847496
16042.236328	-59.760841
16053.002930	-59.838314
16063.769531	-59.931103
16074.536133	-60.142159
16085.302734	-60.021530
16096.069336	-60.124290
16106.835938	-60.051491
16117.602539	-59.912865
16128.369141	-60.038574
16139.135742	-60.280544
16149.902344	-60.047619
16160.668945	-60.159908
16171.435547	-59.953014
16182.202148	-59.883701
16192.968750	-60.069977
16203.735352	-60.141666
16214.501953	-60.130783
16225.268555	-60.225880
16236.035156	-60.129196
16246.801758	-60.033070
16257.568359	-59.857422
16268.334961	-59.914890
16279.101562	-60.117744
16289.868164	-60.218155
16300.634766	-60.076878
16311.401367	-60.176460
16322.167969	-60.068150
16332.934570	-60.091782
16343.701172	-59.818756
16354.467773	-60.141327
16365.234375	-60.115170
16376.000977	-60.050972
16386.767578	-59.868034
16397.534180	-59.729107
16408.300781	-60.009560
16419.067383	-59.831657
16429.833984	-59.880955
16440.600586	-59.795906
16451.367188	-60.032516
16462.133789	-60.110947
16472.900391	-60.059837
16483.666992	-60.006435
16494.433594	-60.063202
16505.200195	-60.016148
16515.966797	-60.073250
16526.733398	-59.902832
16537.500000	-59.906998
16548.266602	-59.883842
16559.033203	-60.035625
16569.799805	-59.996601
16580.566406	-59.963490
16591.333008	-60.202442
16602.099609	-60.058102
16612.866211	-60.193977
16623.632812	-60.119389
16634.399414	-59.989464
16645.166016	-59.889568
16655.932617	-59.975571
16666.699219	-60.072155
16677.465820	-59.837616
16688.232422	-60.004005
16698.999023	-59.929264
16709.765625	-59.973839
16720.532227	-59.904209
16731.298828	-59.900269
16742.065430	-59.842243
16752.832031	-59.883236
16763.598633	-59.835247
16774.365234	-60.014404
16785.131836	-59.907028
16795.898438	-59.833477
16806.665039	-60.040707
16817.431641	-59.952568
16828.198242	-60.048084
16838.964844	-60.129337
16849.731445	-60.012436
16860.498047	-60.288490
16871.264648	-60.149296
16882.031250	-60.001198
16892.797852	-59.962822
16903.564453	-60.234703
16914.331055	-60.234917
16925.097656	-59.895245
16935.864258	-59.975029
16946.630859	-59.598568
16957.397461	-59.795841
16968.164062	-60.024662
16978.930664	-59.757561
16989.697266	-59.859833
17000.463867	-59.761246
17011.230469	-59.722485
17021.997070	-60.080090
17032.763672	-60.292713
17043.530273	-60.131531
17054.296875	-60.108101
17065.063477	-60.195576
17075.830078	-60.118977
17086.596680	-60.293491
17097.363281	-60.099522
17108.129883	-60.127380
17118.896484	-60.029926
17129.663086	-60.295044
17140.429688	-60.135773
17151.196289	-59.750259
17161.962891	-59.907093
17172.729492	-60.096111
17183.496094	-59.866848
17194.262695	-59.666965
17205.029297	-59.710361
17215.795898	-59.929455
17226.562500	-59.889240
17237.329102	-60.021862
17248.095703	-60.379570
17258.862305	-60.147552
17269.628906	-59.988586
17280.395508	-59.887882
17291.162109	-59.962708
17301.928711	-60.117371
17312.695312	-60.309071
17323.461914	-60.210911
17334.228516	-59.899796
17344.995117	-59.599815
17355.761719	-59.796375
17366.528320	-60.015854
17377.294922	-60.094616
17388.061523	-60.020775
17398.828125	-60.150257
17409.594727	-60.325825
17420.361328	-60.134007
17431.127930	-59.997559
17441.894531	-60.114704
17452.661133	-59.805096
17463.427734	-60.051521
17474.194336	-60.039936
17484.960938	-60.223186
17495.727539	-60.178085
17506.494141	-60.146656
17517.260742	-60.098518
17528.027344	-59.873055
17538.793945	-60.019390
17549.560547	-59.838028
17560.327148	-59.924332
17571.093750	-59.790012
17581.860352	-59.941509
17592.626953	-60.347630
17603.393555	-60.166435
17614.160156	-59.910221
17624.926758	-59.966995
17635.693359	-60.067402
17646.459961	-60.009277
17657.226562	-59.968285
17667.993164	-60.213570
17678.759766	-59.678127
17689.526367	-59.561451
17700.292969	-59.564491
17711.059570	-60.089191
17721.826172	-60.423252
17732.592773	-60.344757
17743.359375	-60.136581
17754.125977	-60.047432
17764.892578	-59.965775
17775.659180	-59.946896
17786.425781	-60.224499
17797.192383	-60.162609
17807.958984	-60.213329
17818.725586	-60.211002
17829.492188	-60.044250
17840.258789	-60.217560
17851.025391	-60.172424
17861.791992	-60.269100
17872.558594	-60.347881
17883.325195	-60.071445
17894.091797	-60.066605
17904.858398	-59.990170
17915.625000	-59.600410
17926.391602	-59.722713
17937.158203	-59.957729
17947.924805	-60.004452
17958.691406	-60.074532
17969.458008	-59.973598
17980.224609	-60.054516
17990.991211	-59.856964
18001.757812	-59.825180
18012.524414	-59.825424
18023.291016	-60.006073
18034.057617	-60.076595
18044.824219	-60.063450
18055.590820	-60.090118
18066.357422	-59.995770
18077.124023	-59.825108
18087.890625	-59.959885
18098.657227	-59.824272
18109.423828	-60.035770
18120.190430	-60.108379
18130.957031	-60.064247
18141.723633	-59.684601
18152.490234	-59.674454
18163.256836	-60.045086
18174.023438	-59.977257
18184.790039	-59.919392
18195.556641	-60.025558
18206.323242	-59.950413
18217.089844	-59.925236
18227.856445	-60.228195
18238.623047	-60.203194
18249.389648	-60.165970
18260.156250	-60.025734
18270.922852	-59.947372
18281.689453	-59.979382
18292.456055	-60.194847
18303.222656	-59.963486
18313.989258	-60.121788
18324.755859	-60.040062
18335.522461	-59.851196
18346.289062	-59.887676
18357.055664	-59.889122
18367.822266	-59.856358
18378.588867	-59.831707
18389.355469	-59.953472
18400.122070	-60.190804
18410.888672	-59.954430
18421.655273	-59.905037
18432.421875	-59.805305
18443.188477	-59.725395
18453.955078	-59.938362
18464.721680	-60.091194
18475.488281	-60.115841
18486.254883	-60.337299
18497.021484	-60.164608
18507.788086	-59.989670
18518.554688	-60.130302
18529.321289	-59.970684
18540.087891	-60.164566
18550.854492	-60.051373
18561.621094	-60.052258
18572.387695	-59.866634
18583.154297	-59.791431
18593.920898	-59.920704
18604.687500	-59.920906
18615.454102	-60.134632
18626.220703	-60.342667
18636.987305	-59.837143
18647.753906	-59.925262
18658.520508	-59.858852
18669.287109	-60.049320
18680.053711	-59.900455
18690.820312	-60.059025
18701.586914	-59.921070
18712.353516	-59.738258
18723.120117	-59.926208
18733.886719	-60.177448
18744.653320	-60.118172
18755.419922	-59.846867
18766.186523	-59.711796
18776.953125	-59.847759
18787.719727	-59.992069
18798.486328	-59.990696
18809.252930	-60.024422
18820.019531	-60.162243
18830.786133	-60.205612
18841.552734	-59.913193
18852.319336	-59.835358
18863.085938	-59.888336
18873.852539	-59.996521
18884.619141	-60.114269
18895.385742	-59.944118
18906.152344	-59.802593
18916.918945	-59.845486
18927.685547	-60.102753
18938.452148	-60.281609
18949.218750	-60.134521
18959.985352	-60.200073
18970.751953	-60.111420
18981.518555	-59.928768
18992.285156	-59.781715
19003.051758	-59.829720
19013.818359	-59.712303
19024.584961	-60.099960
19035.351562	-60.187351
19046.118164	-60.212341
19056.884766	-60.090046
19067.651367	-60.179176
19078.417969	-60.295048
19089.184570	-60.335720
19099.951172	-60.023727
19110.717773	-59.975945
19121.484375	-60.005688
19132.250977	-59.620064
19143.017578	-59.918873
19153.784180	-59.830971
19164.550781	-59.932083
19175.317383	-59.937771
19186.083984	-59.990391
19196.850586	-60.065479
19207.617188	-60.074600
19218.383789	-59.972191
19229.150391	-59.965157
19239.916992	-60.077091
19250.683594	-60.105404
19261.450195	-59.938034
19272.216797	-59.934559
19282.983398	-59.996067
19293.750000	-60.132725
19304.516602	-59.971027
19315.283203	-59.896706
19326.049805	-59.958412
19336.816406	-60.109428
19347.583008	-59.907604
19358.349609	-59.976101
19369.116211	-59.925220
19379.882812	-60.005287
19390.649414	-60.034161
19401.416016	-59.816879
19412.182617	-60.106205
19422.949219	-60.073071
19433.715820	-60.047050
19444.482422	-60.161377
19455.249023	-60.135696
19466.015625	-60.080059
19476.782227	-59.914593
19487.548828	-59.837868
19498.315430	-60.005516
19509.082031	-60.084236
19519.848633	-60.184132
19530.615234	-60.150555
19541.381836	-60.260269
19552.148438	-60.143890
19562.915039	-60.210781
19573.681641	-59.977856
19584.448242	-59.905025
19595.214844	-59.814285
19605.981445	-59.851257
19616.748047	-59.991264
19627.514648	-59.939442
19638.281250	-59.689014
19649.047852	-59.915016
19659.814453	-60.091824
19670.581055	-59.968239
19681.347656	-59.994480
19692.114258	-60.064400
19702.880859	-60.282967
19713.647461	-60.411877
19724.414062	-60.041489
19735.180664	-59.900188
19745.947266	-60.232204
19756.713867	-60.136971
19767.480469	-59.732922
19778.247070	-59.895420
19789.013672	-60.100258
19799.780273	-59.932426
19810.546875	-59.877510
19821.313477	-59.904655
19832.080078	-60.092873
19842.846680	-59.971848
19853.613281	-59.925587
19864.379883	-59.813248
19875.146484	-59.941631
19885.913086	-59.938354
19896.679688	-59.814171
19907.446289	-60.048798
19918.212891	-60.095055
19928.979492	-59.971420
19939.746094	-60.042545
19950.512695	-59.977409
19961.279297	-59.799553
19972.045898	-59.776558
19982.812500	-59.901821
19993.579102	-59.859779
20004.345703	-59.717091
20015.112305	-59.690536
20025.878906	-59.810600
20036.645508	-60.097221
20047.412109	-60.182682
20058.178711	-60.256363
20068.945312	-60.116863
20079.711914	-60.209156
20090.478516	-59.995918
20101.245117	-59.981213
20112.011719	-60.248528
20122.778320	-60.092739
20133.544922	-60.071186
20144.311523	-59.928249
20155.078125	-59.889229
20165.844727	-59.646236
20176.611328	-59.538437
20187.377930	-59.791912
20198.144531	-59.730991
20208.911133	-59.932423
20219.677734	-59.832794
20230.444336	-59.747116
20241.210938	-59.867695
20251.977539	-59.919067
20262.744141	-59.870766
20273.510742	-60.187206
20284.277344	-60.428314
20295.043945	-60.351353
20305.810547	-60.336475
20316.577148	-60.185730
20327.343750	-60.119118
20338.110352	-59.956451
20348.876953	-60.023933
20359.643555	-59.712723
20370.410156	-59.995899
20381.176758	-60.032078
20391.943359	-59.920765
20402.709961	-59.788139
20413.476562	-59.972019
20424.243164	-59.884434
20435.009766	-59.931473
20445.776367	-60.029198
20456.542969	-59.502522
20467.309570	-59.617401
20478.076172	-59.903481
20488.842773	-59.861660
20499.609375	-59.858913
20510.375977	-59.842167
20521.142578	-59.969154
20531.909180	-60.101780
20542.675781	-60.137363
20553.442383	-60.398140
20564.208984	-60.213444
20574.975586	-59.861706
20585.742188	-60.046650
20596.508789	-60.159485
20607.275391	-60.163635
20618.041992	-60.162804
20628.808594	-60.027027
20639.575195	-59.957439
20650.341797	-60.058002
20661.108398	-60.248032
20671.875000	-60.204544
20682.641602	-59.940208
20693.408203	-60.065628
20704.174805	-60.002438
20714.941406	-59.838558
20725.708008	-59.865433
20736.474609	-59.953465
20747.241211	-59.988003
20758.007812	-59.926037
20768.774414	-60.061001
20779.541016	-59.967468
20790.307617	-59.808331
20801.074219	-60.359238
20811.840820	-60.251671
20822.607422	-60.101654
20833.374023	-60.174343
20844.140625	-60.212257
20854.907227	-60.024754
20865.673828	-59.891193
20876.440430	-60.055523
20887.207031	-59.969070
20897.973633	-60.055313
20908.740234	-59.918308
20919.506836	-59.938065
20930.273438	-59.880310
20941.040039	-59.983070
20951.806641	-59.892715
20962.573242	-60.013397
20973.339844	-59.972885
20984.106445	-59.887661
20994.873047	-59.941349
21005.639648	-60.000797
21016.406250	-60.008076
21027.172852	-60.126377
21037.939453	-60.284233
21048.706055	-60.303158
21059.472656	-60.296661
21070.239258	-60.263363
21081.005859	-60.078629
21091.772461	-60.482983
21102.539062	-60.366661
21113.305664	-60.247334
21124.072266	-60.245426
21134.838867	-59.858368
21145.605469	-59.949257
21156.372070	-59.790932
21167.138672	-59.947063
21177.905273	-60.034954
21188.671875	-59.968433
21199.438477	-59.871922
21210.205078	-59.956436
21220.971680	-59.839836
21231.738281	-59.920429
21242.504883	-60.164112
21253.271484	-60.377472
21264.038086	-60.152122
21274.804688	-59.992874
21285.571289	-60.287228
21296.337891	-60.332970
21307.104492	-60.161484
21317.871094	-60.453907
21328.637695	-60.249485
21339.404297	-59.896717
21350.170898	-60.158764
21360.937500	-60.240131
21371.704102	-60.158390
21382.470703	-60.082291
21393.237305	-59.858971
21404.003906	-60.086102
21414.770508	-60.346355
21425.537109	-60.279198
21436.303711	-59.956623
21447.070312	-60.206150
21457.836914	-60.245201
21468.603516	-60.258720
21479.370117	-60.080185
21490.136719	-60.085598
21500.903320	-60.181553
21511.669922	-60.191971
21522.436523	-60.085873
21533.203125	-60.030781
21543.969727	-60.109753
21554.736328	-60.109673
21565.502930	-60.104515
21576.269531	-60.116562
21587.036133	-59.876770
21597.802734	-59.691380
21608.569336	-59.882923
21619.335938	-59.832458
21630.102539	-59.886524
21640.869141	-60.158920
21651.635742	-60.050224
21662.402344	-60.005577
21673.168945	-59.912907
21683.935547	-59.964527
21694.702148	-59.946976
21705.468750	-60.173752
21716.235352	-60.094902
21727.001953	-60.065414
21737.768555	-60.237976
21748.535156	-60.257874
21759.301758	-59.931320
21770.068359	-60.052353
21780.834961	-60.296017
21791.601562	-60.160789
21802.368164	-60.065804
21813.134766	-60.102402
21823.901367	-59.856228
21834.667969	-59.708660
21845.434570	-59.976826
21856.201172	-60.047295
21866.967773	-60.224564
21877.734375	-60.104366
21888.500977	-59.782276
21899.267578	-59.655495
21910.034180	-59.958660
21920.800781	-60.179386
21931.567383	-59.864223
21942.333984	-59.833469
21953.100586	-59.711823
21963.867188	-59.907688
21974.633789	-60.229641
21985.400391	-60.156651
21996.166992	-60.195076
22006.933594	-60.221687
22017.700195	-60.151321
22028.466797	-60.048859
22039.233398	-59.731213
