Frequency (Hz)	Level (dB)
10.766602	-32.512741
21.533203	-35.848072
32.299805	-39.114113
43.066406	-25.802017
53.833008	-18.989382
64.599609	-16.079626
75.366211	-13.278614
86.132812	-18.867970
96.899414	-28.047142
107.666016	-29.970266
118.432617	-32.670223
129.199219	-21.961964
139.965820	-19.746965
150.732422	-23.876474
161.499023	-30.278126
172.265625	-35.132198
183.032227	-40.552197
193.798828	-35.079174
204.565430	-32.842102
215.332031	-31.574022
226.098633	-31.475775
236.865234	-33.809956
247.631836	-37.254757
258.398438	-38.212959
269.165039	-42.614216
279.931641	-38.488232
290.698242	-34.118740
301.464844	-34.660954
312.231445	-34.515541
322.998047	-34.786579
333.764648	-39.249336
344.531250	-44.470509
355.297852	-39.549400
366.064453	-33.431599
376.831055	-30.724615
387.597656	-38.329636
398.364258	-38.707424
409.130859	-43.367748
419.897461	-37.921021
430.664062	-38.283878
441.430664	-42.413586
452.197266	-45.231342
462.963867	-46.057423
473.730469	-44.705334
484.497070	-44.212894
495.263672	-44.179012
506.030273	-44.446056
516.796875	-43.473473
527.563477	-44.914352
538.330078	-50.840046
549.096680	-49.699051
559.863281	-45.009415
570.629883	-44.608765
581.396484	-47.453064
592.163086	-48.867756
602.929688	-50.923946
613.696289	-50.920479
624.462891	-46.958363
635.229492	-48.392281
645.996094	-46.889088
656.762695	-43.054306
667.529297	-43.640877
678.295898	-42.577881
689.062500	-42.989281
699.829102	-46.158394
710.595703	-46.564629
721.362305	-44.749527
732.128906	-45.533474
742.895508	-47.658813
753.662109	-56.458946
764.428711	-54.187672
775.195312	-54.099056
785.961914	-53.946033
796.728516	-55.763100
807.495117	-55.223358
818.261719	-51.750351
829.028320	-49.237457
839.794922	-50.852924
850.561523	-54.228600
861.328125	-50.882812
872.094727	-50.690922
882.861328	-54.445236
893.627930	-51.479805
904.394531	-51.094994
915.161133	-53.991520
925.927734	-62.568626
936.694336	-61.667191
947.460938	-60.350342
958.227539	-57.997585
968.994141	-58.394310
979.760742	-56.121365
990.527344	-54.929214
1001.293945	-55.389412
1012.060547	-53.185364
1022.827148	-53.797859
1033.593750	-54.938663
1044.360352	-52.450527
1055.126953	-51.980705
1065.893555	-56.612667
1076.660156	-55.379997
1087.426758	-56.140541
1098.193359	-55.203083
1108.959961	-58.515308
1119.726562	-57.930733
1130.493164	-58.459324
1141.259766	-60.222984
1152.026367	-63.863590
1162.792969	-63.777809
1173.559570	-57.766178
1184.326172	-58.004368
1195.092773	-55.921535
1205.859375	-58.366428
1216.625977	-64.375275
1227.392578	-63.083721
1238.159180	-60.936790
1248.925781	-65.560921
1259.692383	-66.310791
1270.458984	-63.450020
1281.225586	-64.078117
1291.992188	-63.116627
1302.758789	-62.979897
1313.525391	-66.208534
1324.291992	-66.727966
1335.058594	-66.753998
1345.825195	-64.871605
1356.591797	-68.401329
1367.358398	-67.172569
1378.125000	-68.203979
1388.891602	-64.531548
1399.658203	-64.523270
1410.424805	-63.663448
1421.191406	-69.326927
1431.958008	-68.315048
1442.724609	-69.627632
1453.491211	-67.651375
1464.257812	-70.387650
1475.024414	-72.975113
1485.791016	-70.246262
1496.557617	-67.525391
1507.324219	-71.201614
1518.090820	-72.825111
1528.857422	-73.318748
1539.624023	-72.914780
1550.390625	-71.718895
1561.157227	-73.444756
1571.923828	-73.549255
1582.690430	-76.634865
1593.457031	-75.125137
1604.223633	-74.945847
1614.990234	-82.373459
1625.756836	-76.376785
1636.523438	-77.905869
1647.290039	-77.837471
1658.056641	-75.618576
1668.823242	-76.205276
1679.589844	-79.705856
1690.356445	-84.879471
1701.123047	-81.351997
1711.889648	-81.664352
1722.656250	-80.721313
1733.422852	-82.074333
1744.189453	-83.026459
1754.956055	-83.721169
1765.722656	-83.584480
1776.489258	-84.687561
1787.255859	-84.210571
1798.022461	-84.329132
1808.789062	-84.010216
1819.555664	-84.570183
1830.322266	-87.772522
1841.088867	-85.724922
1851.855469	-83.973404
1862.622070	-82.560066
1873.388672	-84.485031
1884.155273	-84.390312
1894.921875	-90.084633
1905.688477	-85.450401
1916.455078	-87.823578
1927.221680	-90.007225
1937.988281	-86.827957
1948.754883	-86.093063
1959.521484	-83.885551
1970.288086	-83.568848
1981.054688	-85.908440
1991.821289	-85.847633
2002.587891	-84.782074
2013.354492	-88.202095
2024.121094	-85.045799
2034.887695	-88.926674
2045.654297	-88.886566
2056.420898	-88.687393
2067.187500	-85.108597
2077.954102	-86.862907
2088.720703	-88.247192
2099.487305	-86.099686
2110.253906	-89.687813
2121.020508	-87.311096
2131.787109	-82.761414
2142.553711	-84.321182
2153.320312	-83.355980
2164.086914	-85.896469
2174.853516	-86.185143
2185.620117	-86.077797
2196.386719	-87.075089
2207.153320	-86.321632
2217.919922	-82.109001
2228.686523	-81.585632
2239.453125	-82.008278
2250.219727	-82.244255
2260.986328	-84.860413
2271.752930	-88.588654
2282.519531	-89.514572
2293.286133	-86.664986
2304.052734	-85.291191
2314.819336	-85.742699
2325.585938	-83.184433
2336.352539	-80.591339
2347.119141	-82.371628
2357.885742	-83.137520
2368.652344	-87.524666
2379.418945	-87.403465
2390.185547	-81.712341
2400.952148	-85.759941
2411.718750	-82.289230
2422.485352	-80.113869
2433.251953	-83.180138
2444.018555	-87.469757
2454.785156	-83.664810
2465.551758	-83.348244
2476.318359	-88.445595
2487.084961	-89.446800
2497.851562	-86.848923
2508.618164	-85.600220
2519.384766	-86.053314
2530.151367	-88.330711
2540.917969	-87.604813
2551.684570	-82.147087
2562.451172	-80.986717
2573.217773	-82.528961
2583.984375	-83.331314
2594.750977	-84.887093
2605.517578	-85.801765
2616.284180	-86.513397
2627.050781	-85.665833
2637.817383	-88.985374
2648.583984	-86.761398
2659.350586	-85.650200
2670.117188	-83.148361
2680.883789	-84.271561
2691.650391	-85.751038
2702.416992	-86.069199
2713.183594	-88.771393
2723.950195	-88.586479
2734.716797	-84.201973
2745.483398	-82.215401
2756.250000	-83.809532
2767.016602	-88.602013
2777.783203	-88.325958
2788.549805	-87.894608
2799.316406	-86.738327
2810.083008	-86.531235
2820.849609	-86.455513
2831.616211	-87.213287
2842.382812	-89.611168
2853.149414	-89.485588
2863.916016	-87.640396
2874.682617	-88.726662
2885.449219	-85.986595
2896.215820	-83.967041
2906.982422	-84.342644
2917.749023	-83.157150
2928.515625	-84.348160
2939.282227	-87.292641
2950.048828	-87.222786
2960.815430	-85.688560
2971.582031	-87.532585
2982.348633	-86.441223
2993.115234	-80.562065
3003.881836	-79.128014
3014.648438	-85.984016
3025.415039	-84.176865
3036.181641	-83.304886
3046.948242	-88.395988
3057.714844	-91.744209
3068.481445	-90.322937
3079.248047	-93.411148
3090.014648	-88.624168
3100.781250	-85.502266
3111.547852	-86.689888
3122.314453	-85.787689
3133.081055	-85.767670
3143.847656	-88.655174
3154.614258	-94.825356
3165.380859	-91.343040
3176.147461	-86.891678
3186.914062	-86.975792
3197.680664	-85.607216
3208.447266	-86.834663
3219.213867	-87.713669
3229.980469	-85.453949
3240.747070	-84.639465
3251.513672	-84.947296
3262.280273	-81.903069
3273.046875	-80.883354
3283.813477	-82.749268
3294.580078	-84.601204
3305.346680	-84.246857
3316.113281	-83.814262
3326.879883	-86.619225
3337.646484	-89.486702
3348.413086	-86.578224
3359.179688	-85.238220
3369.946289	-89.672226
3380.712891	-90.244873
3391.479492	-88.016914
3402.246094	-85.863373
3413.012695	-83.407852
3423.779297	-83.961754
3434.545898	-86.532379
3445.312500	-88.391960
3456.079102	-93.434898
3466.845703	-89.896317
3477.612305	-92.099930
3488.378906	-88.964294
3499.145508	-87.774788
3509.912109	-87.537498
3520.678711	-86.230194
3531.445312	-86.214684
3542.211914	-87.225639
3552.978516	-87.972328
3563.745117	-87.667030
3574.511719	-88.091774
3585.278320	-89.925072
3596.044922	-86.931465
3606.811523	-91.515320
3617.578125	-87.440331
3628.344727	-85.997215
3639.111328	-85.511406
3649.877930	-86.510193
3660.644531	-89.333862
3671.411133	-88.142960
3682.177734	-85.949356
3692.944336	-86.578842
3703.710938	-89.393616
3714.477539	-88.057915
3725.244141	-86.476585
3736.010742	-85.801834
3746.777344	-85.859543
3757.543945	-87.203606
3768.310547	-88.011902
3779.077148	-90.956764
3789.843750	-87.057556
3800.610352	-86.856689
3811.376953	-90.751083
3822.143555	-91.641342
3832.910156	-92.474854
3843.676758	-88.205399
3854.443359	-86.714645
3865.209961	-90.774048
3875.976562	-89.270126
3886.743164	-89.300850
3897.509766	-88.414536
3908.276367	-88.049377
3919.042969	-89.709549
3929.809570	-89.924263
3940.576172	-89.730621
3951.342773	-90.346336
3962.109375	-90.143631
3972.875977	-93.000008
3983.642578	-90.085419
3994.409180	-85.459244
4005.175781	-86.851158
4015.942383	-90.738098
4026.708984	-88.832214
4037.475586	-91.883507
4048.242188	-90.923401
4059.008789	-89.171661
4069.775391	-90.112968
4080.541992	-90.204308
4091.308594	-89.192116
4102.075195	-88.128159
4112.841797	-86.067528
4123.608398	-92.097267
4134.375000	-90.056061
4145.141602	-86.939697
4155.908203	-89.391243
4166.674805	-91.290436
4177.441406	-89.838982
4188.208008	-87.781235
4198.974609	-90.032425
4209.741211	-90.646820
4220.507812	-86.608032
4231.274414	-85.385193
4242.041016	-87.243004
4252.807617	-88.672607
4263.574219	-90.415298
4274.340820	-87.353081
4285.107422	-88.457588
4295.874023	-84.604530
4306.640625	-84.432373
4317.407227	-86.852264
4328.173828	-87.212395
4338.940430	-88.396355
4349.707031	-88.475739
4360.473633	-87.448738
4371.240234	-86.423225
4382.006836	-91.295555
4392.773438	-90.655510
4403.540039	-88.343246
4414.306641	-86.203354
4425.073242	-86.224541
4435.839844	-86.509010
4446.606445	-87.092751
4457.373047	-88.165512
4468.139648	-85.397690
4478.906250	-85.567986
4489.672852	-81.671486
4500.439453	-78.772224
4511.206055	-81.770622
4521.972656	-85.478012
4532.739258	-87.830658
4543.505859	-87.101349
4554.272461	-88.597855
4565.039062	-88.517181
4575.805664	-89.651848
4586.572266	-94.207680
4597.338867	-88.359482
4608.105469	-84.955124
4618.872070	-87.432976
4629.638672	-86.366074
4640.405273	-90.219376
4651.171875	-88.546814
4661.938477	-86.128494
4672.705078	-87.049995
4683.471680	-86.091354
4694.238281	-85.534073
4705.004883	-87.023376
4715.771484	-86.201172
4726.538086	-87.062393
4737.304688	-85.487068
4748.071289	-86.922760
4758.837891	-88.714973
4769.604492	-87.891426
4780.371094	-87.590912
4791.137695	-88.271797
4801.904297	-87.708656
4812.670898	-87.807571
4823.437500	-89.403885
4834.204102	-89.153473
4844.970703	-90.070969
4855.737305	-87.482346
4866.503906	-90.943588
4877.270508	-88.504822
4888.037109	-87.431000
4898.803711	-90.306297
4909.570312	-91.329369
4920.336914	-88.963074
4931.103516	-90.130157
4941.870117	-90.355560
4952.636719	-89.109421
4963.403320	-93.057655
4974.169922	-88.412819
4984.936523	-88.730362
4995.703125	-93.762108
5006.469727	-90.511147
5017.236328	-89.822563
5028.002930	-88.732193
5038.769531	-89.680092
5049.536133	-89.021126
5060.302734	-88.710762
5071.069336	-88.408310
5081.835938	-89.378311
5092.602539	-86.323219
5103.369141	-89.296562
5114.135742	-86.337334
5124.902344	-85.133904
5135.668945	-89.943573
5146.435547	-89.901466
5157.202148	-93.422142
5167.968750	-89.569420
5178.735352	-88.380547
5189.501953	-87.185646
5200.268555	-91.834450
5211.035156	-90.495384
5221.801758	-86.837257
5232.568359	-86.432724
5243.334961	-93.136658
5254.101562	-89.656883
5264.868164	-93.859871
5275.634766	-90.542259
5286.401367	-89.265442
5297.167969	-87.917419
5307.934570	-87.714806
5318.701172	-90.033867
5329.467773	-89.357292
5340.234375	-87.777534
5351.000977	-86.929604
5361.767578	-88.197388
5372.534180	-88.221672
5383.300781	-87.776993
5394.067383	-90.987030
5404.833984	-90.738533
5415.600586	-92.180504
5426.367188	-93.229744
5437.133789	-91.273003
5447.900391	-88.619507
5458.666992	-87.239548
5469.433594	-89.087723
5480.200195	-93.164345
5490.966797	-93.798782
5501.733398	-91.535553
5512.500000	-86.223679
5523.266602	-87.670158
5534.033203	-90.135742
5544.799805	-87.323982
5555.566406	-88.362251
5566.333008	-95.983459
5577.099609	-87.791252
5587.866211	-87.227005
5598.632812	-86.961578
5609.399414	-87.783318
5620.166016	-88.133514
5630.932617	-85.129913
5641.699219	-85.923019
5652.465820	-88.869377
5663.232422	-89.010109
5673.999023	-87.828972
5684.765625	-88.031487
5695.532227	-88.732162
5706.298828	-90.872597
5717.065430	-90.317497
5727.832031	-89.819298
5738.598633	-91.152519
5749.365234	-91.698479
5760.131836	-90.500290
5770.898438	-89.624977
5781.665039	-90.508942
5792.431641	-89.133873
5803.198242	-88.153389
5813.964844	-88.452675
5824.731445	-91.641884
5835.498047	-89.318634
5846.264648	-89.103493
5857.031250	-91.079529
5867.797852	-89.835312
5878.564453	-88.159317
5889.331055	-92.207069
5900.097656	-88.503654
5910.864258	-87.360794
5921.630859	-93.142937
5932.397461	-88.236206
5943.164062	-88.658554
5953.930664	-94.844772
5964.697266	-93.601738
5975.463867	-88.862610
5986.230469	-86.870110
5996.997070	-82.929871
6007.763672	-86.695045
6018.530273	-90.697281
6029.296875	-88.259903
6040.063477	-88.462646
6050.830078	-91.205643
6061.596680	-89.011124
6072.363281	-86.413704
6083.129883	-88.281448
6093.896484	-89.300575
6104.663086	-87.003029
6115.429688	-88.226341
6126.196289	-92.837311
6136.962891	-94.400665
6147.729492	-95.464012
6158.496094	-91.751961
6169.262695	-89.081398
6180.029297	-92.468063
6190.795898	-87.342384
6201.562500	-88.917557
6212.329102	-91.736916
6223.095703	-91.218666
6233.862305	-88.489738
6244.628906	-86.569237
6255.395508	-87.475319
6266.162109	-89.012779
6276.928711	-93.028801
6287.695312	-90.514603
6298.461914	-91.492699
6309.228516	-90.281799
6319.995117	-92.005623
6330.761719	-91.542618
6341.528320	-92.916206
6352.294922	-96.614380
6363.061523	-99.315987
6373.828125	-92.085709
6384.594727	-89.418350
6395.361328	-91.540764
6406.127930	-91.302185
6416.894531	-89.419716
6427.661133	-91.320007
6438.427734	-93.664963
6449.194336	-90.537750
6459.960938	-90.400330
6470.727539	-92.584465
6481.494141	-95.127373
6492.260742	-93.443932
6503.027344	-90.448692
6513.793945	-89.051285
6524.560547	-92.026520
6535.327148	-95.281799
6546.093750	-90.965691
6556.860352	-89.654205
6567.626953	-92.714996
6578.393555	-90.254356
6589.160156	-90.030975
6599.926758	-90.443359
6610.693359	-90.148071
6621.459961	-94.480118
6632.226562	-87.172699
6642.993164	-89.789833
6653.759766	-92.019112
6664.526367	-89.440010
6675.292969	-89.066864
6686.059570	-90.292770
6696.826172	-91.553162
6707.592773	-91.130814
6718.359375	-88.005928
6729.125977	-89.645927
6739.892578	-89.047455
6750.659180	-90.935349
6761.425781	-91.049561
6772.192383	-88.639114
6782.958984	-89.484077
6793.725586	-90.264290
6804.492188	-91.989983
6815.258789	-92.521164
6826.025391	-91.154335
6836.791992	-91.586510
6847.558594	-95.607475
6858.325195	-90.600433
6869.091797	-89.802536
6879.858398	-94.592491
6890.625000	-98.850945
6901.391602	-93.754921
6912.158203	-92.810371
6922.924805	-91.165314
6933.691406	-91.418900
6944.458008	-94.513855
6955.224609	-91.875214
6965.991211	-89.777977
6976.757812	-91.842026
6987.524414	-97.936172
6998.291016	-92.965759
7009.057617	-87.210594
7019.824219	-87.654572
7030.590820	-90.476952
7041.357422	-91.733284
7052.124023	-89.859985
7062.890625	-90.127243
7073.657227	-92.766609
7084.423828	-91.121162
7095.190430	-96.333199
7105.957031	-95.038269
7116.723633	-92.131416
7127.490234	-88.515503
7138.256836	-88.865852
7149.023438	-88.984825
7159.790039	-87.141830
7170.556641	-85.839844
7181.323242	-87.892487
7192.089844	-89.851799
7202.856445	-88.922440
7213.623047	-90.390228
7224.389648	-91.039261
7235.156250	-86.949036
7245.922852	-92.151642
7256.689453	-86.500839
7267.456055	-86.279427
7278.222656	-88.890076
7288.989258	-91.656364
7299.755859	-90.028603
7310.522461	-90.534676
7321.289062	-89.357544
7332.055664	-93.221756
7342.822266	-91.447510
7353.588867	-91.763260
7364.355469	-92.910255
7375.122070	-92.909241
7385.888672	-91.657402
7396.655273	-91.081726
7407.421875	-89.218536
7418.188477	-88.757996
7428.955078	-90.004585
7439.721680	-93.423088
7450.488281	-90.574532
7461.254883	-89.734009
7472.021484	-90.685669
7482.788086	-91.742378
7493.554688	-82.407852
7504.321289	-80.203850
7515.087891	-87.209999
7525.854492	-90.797455
7536.621094	-89.175804
7547.387695	-87.066071
7558.154297	-86.964203
7568.920898	-87.775978
7579.687500	-87.841415
7590.454102	-88.061516
7601.220703	-88.440849
7611.987305	-89.780052
7622.753906	-89.673027
7633.520508	-88.528679
7644.287109	-88.832970
7655.053711	-90.373672
7665.820312	-91.219925
7676.586914	-88.961205
7687.353516	-88.348000
7698.120117	-88.038216
7708.886719	-85.617264
7719.653320	-87.085609
7730.419922	-92.696152
7741.186523	-88.803398
7751.953125	-87.649292
7762.719727	-89.062973
7773.486328	-89.156075
7784.252930	-90.824089
7795.019531	-90.227425
7805.786133	-87.879578
7816.552734	-90.771255
7827.319336	-89.442413
7838.085938	-89.071960
7848.852539	-97.476578
7859.619141	-94.595306
7870.385742	-89.175766
7881.152344	-89.359314
7891.918945	-87.469711
7902.685547	-89.230194
7913.452148	-92.574455
7924.218750	-92.119514
7934.985352	-91.337990
7945.751953	-91.802002
7956.518555	-91.734085
7967.285156	-91.556458
7978.051758	-93.438377
7988.818359	-92.835411
7999.584961	-90.601234
8010.351562	-89.449074
8021.118164	-90.155479
8031.884766	-92.309731
8042.651367	-90.864815
8053.417969	-88.574631
8064.184570	-87.497429
8074.951172	-88.834366
8085.717773	-87.936546
8096.484375	-86.555489
8107.250977	-88.506119
8118.017578	-89.241707
8128.784180	-91.148827
8139.550781	-92.230194
8150.317383	-89.683533
8161.083984	-91.822800
8171.850586	-94.571915
8182.617188	-91.898605
8193.383789	-89.232368
8204.150391	-88.118599
8214.916992	-88.233200
8225.683594	-91.038643
8236.450195	-90.200317
8247.216797	-88.109932
8257.983398	-89.137878
8268.750000	-90.090958
8279.516602	-91.971939
8290.283203	-94.502777
8301.049805	-91.072861
8311.816406	-88.956512
8322.583008	-91.276779
8333.349609	-93.856812
8344.116211	-92.414146
8354.882812	-92.056801
8365.649414	-92.030823
8376.416016	-94.301514
8387.182617	-93.748962
8397.949219	-90.839134
8408.715820	-89.620148
8419.482422	-91.017075
8430.249023	-88.706200
8441.015625	-90.015648
8451.782227	-93.381180
8462.548828	-96.102242
8473.315430	-98.173470
8484.082031	-95.994209
8494.848633	-91.494972
8505.615234	-86.854279
8516.381836	-88.637512
8527.148438	-88.590477
8537.915039	-88.024490
8548.681641	-89.516136
8559.448242	-92.318352
8570.214844	-89.790031
8580.981445	-88.056686
8591.748047	-88.194153
8602.514648	-88.929214
8613.281250	-89.061394
8624.047852	-94.508377
8634.814453	-96.013878
8645.581055	-93.898674
8656.347656	-92.414955
8667.114258	-91.813141
8677.880859	-90.002350
8688.647461	-88.996620
8699.414062	-94.608513
8710.180664	-89.813972
8720.947266	-91.771202
8731.713867	-89.257355
8742.480469	-89.684586
8753.247070	-90.079651
8764.013672	-88.280052
8774.780273	-90.570198
8785.546875	-90.176636
8796.313477	-89.777641
8807.080078	-89.973534
8817.846680	-87.189034
8828.613281	-88.944168
8839.379883	-92.413551
8850.146484	-91.156654
8860.913086	-87.889862
8871.679688	-90.737427
8882.446289	-90.892891
8893.212891	-93.456444
8903.979492	-90.129929
8914.746094	-93.665375
8925.512695	-96.085403
8936.279297	-95.946251
8947.045898	-95.895462
8957.812500	-91.221352
8968.579102	-90.886505
8979.345703	-88.744789
8990.112305	-83.327469
9000.878906	-78.248489
9011.645508	-84.351234
9022.412109	-90.542999
9033.178711	-91.309006
9043.945312	-91.803185
9054.711914	-94.390190
9065.478516	-91.449661
9076.245117	-89.687187
9087.011719	-91.021774
9097.778320	-89.631912
9108.544922	-90.582489
9119.311523	-92.628166
9130.078125	-94.271591
9140.844727	-88.478607
9151.611328	-86.750793
9162.377930	-90.632584
9173.144531	-93.349152
9183.911133	-91.290039
9194.677734	-90.124123
9205.444336	-88.215408
9216.210938	-89.028282
9226.977539	-90.809669
9237.744141	-92.020638
9248.510742	-92.558029
9259.277344	-92.859863
9270.043945	-90.438690
9280.810547	-89.758339
9291.577148	-89.931465
9302.343750	-91.811577
9313.110352	-92.560005
9323.876953	-92.311119
9334.643555	-93.616837
9345.410156	-93.088768
9356.176758	-91.798370
9366.943359	-89.028465
9377.709961	-86.271408
9388.476562	-87.554642
9399.243164	-91.797066
9410.009766	-91.613213
9420.776367	-92.369125
9431.542969	-91.580727
9442.309570	-91.948540
9453.076172	-93.452026
9463.842773	-94.620979
9474.609375	-92.907150
9485.375977	-94.694771
9496.142578	-96.143417
9506.909180	-92.214394
9517.675781	-90.551376
9528.442383	-90.026054
9539.208984	-92.939445
9549.975586	-95.473030
9560.742188	-91.300255
9571.508789	-90.149673
9582.275391	-91.989403
9593.041992	-92.999008
9603.808594	-93.166382
9614.575195	-93.738853
9625.341797	-95.303314
9636.108398	-96.793159
9646.875000	-94.091805
9657.641602	-90.527588
9668.408203	-92.455353
9679.174805	-93.364227
9689.941406	-93.904900
9700.708008	-91.317757
9711.474609	-91.063530
9722.241211	-92.463501
9733.007812	-91.392990
9743.774414	-92.735291
9754.541016	-90.046829
9765.307617	-88.778358
9776.074219	-91.176323
9786.840820	-91.550400
9797.607422	-89.910210
9808.374023	-91.047523
9819.140625	-94.637184
9829.907227	-95.882683
9840.673828	-91.093094
9851.440430	-93.760696
9862.207031	-96.072380
9872.973633	-93.613869
9883.740234	-91.905014
9894.506836	-91.876816
9905.273438	-88.279938
9916.040039	-89.550041
9926.806641	-94.423073
9937.573242	-93.604240
9948.339844	-94.879089
9959.106445	-90.322510
9969.873047	-89.281021
9980.639648	-92.151047
9991.406250	-93.292381
10002.172852	-93.610107
10012.939453	-95.786407
10023.706055	-93.707748
10034.472656	-94.055138
10045.239258	-93.965515
10056.005859	-92.629784
10066.772461	-93.167282
10077.539062	-94.458496
10088.305664	-96.368919
10099.072266	-93.888885
10109.838867	-92.656578
10120.605469	-93.410767
10131.372070	-94.497017
10142.138672	-95.207840
10152.905273	-98.519630
10163.671875	-94.360092
10174.438477	-93.531174
10185.205078	-96.902649
10195.971680	-94.652550
10206.738281	-94.580070
10217.504883	-94.027939
10228.271484	-95.089729
10239.038086	-93.028000
10249.804688	-92.376068
10260.571289	-92.757614
10271.337891	-93.579002
10282.104492	-90.783653
10292.871094	-93.998817
10303.637695	-94.749466
10314.404297	-93.541428
10325.170898	-97.658035
10335.937500	-99.662872
10346.704102	-99.469643
10357.470703	-95.761871
10368.237305	-95.323631
10379.003906	-93.996086
10389.770508	-90.406464
10400.537109	-92.473152
10411.303711	-92.021759
10422.070312	-92.092018
10432.836914	-99.140007
10443.603516	-93.884109
10454.370117	-94.068481
10465.136719	-95.492897
10475.903320	-91.824013
10486.669922	-86.714714
10497.436523	-82.009270
10508.203125	-85.208305
10518.969727	-93.637459
10529.736328	-91.596718
10540.502930	-91.189438
10551.269531	-92.539490
10562.036133	-92.237473
10572.802734	-96.372353
10583.569336	-100.332733
10594.335938	-94.481323
10605.102539	-93.229073
10615.869141	-94.044037
10626.635742	-94.442169
10637.402344	-95.059883
10648.168945	-92.720871
10658.935547	-90.243935
10669.702148	-91.884354
10680.468750	-94.742973
10691.235352	-92.380310
10702.001953	-91.122543
10712.768555	-90.818619
10723.535156	-90.973160
10734.301758	-92.520973
10745.068359	-94.617561
10755.834961	-101.533707
10766.601562	-93.862610
10777.368164	-93.430710
10788.134766	-99.028244
10798.901367	-95.931175
10809.667969	-98.174194
10820.434570	-93.622177
10831.201172	-94.269440
10841.967773	-92.883743
10852.734375	-93.667358
10863.500977	-91.793968
10874.267578	-97.027519
10885.034180	-95.473251
10895.800781	-94.231529
10906.567383	-93.437798
10917.333984	-97.461380
10928.100586	-95.591026
10938.867188	-95.065178
10949.633789	-96.838661
10960.400391	-95.469734
10971.166992	-95.333176
10981.933594	-95.729439
10992.700195	-95.316505
11003.466797	-95.519836
11014.233398	-100.371826
11025.000000	-97.808395
11035.766602	-97.813538
11046.533203	-94.320831
11057.299805	-95.981476
11068.066406	-95.695381
11078.833008	-92.410835
11089.599609	-92.804993
11100.366211	-93.306091
11111.132812	-92.093445
11121.899414	-93.454102
11132.666016	-94.155228
11143.432617	-92.041161
11154.199219	-94.217964
11164.965820	-96.060287
11175.732422	-95.955353
11186.499023	-92.699615
11197.265625	-92.338402
11208.032227	-93.637405
11218.798828	-92.233856
11229.565430	-91.654297
11240.332031	-93.155685
11251.098633	-93.839310
11261.865234	-95.074486
11272.631836	-95.328720
11283.398438	-98.121292
11294.165039	-97.032471
11304.931641	-93.459190
11315.698242	-94.294540
11326.464844	-95.798897
11337.231445	-100.534409
11347.998047	-99.818748
11358.764648	-100.853828
11369.531250	-101.398552
11380.297852	-99.939751
11391.064453	-101.677551
11401.831055	-101.390434
11412.597656	-101.647018
11423.364258	-100.745781
11434.130859	-97.790062
11444.897461	-93.293694
11455.664062	-90.202812
11466.430664	-89.021263
11477.197266	-90.379166
11487.963867	-94.727440
11498.730469	-104.161705
11509.497070	-96.516357
11520.263672	-94.627853
11531.030273	-92.855568
11541.796875	-92.244049
11552.563477	-92.943924
11563.330078	-96.978874
11574.096680	-99.534782
11584.863281	-96.032249
11595.629883	-95.379631
11606.396484	-95.179375
11617.163086	-96.517754
11627.929688	-96.798485
11638.696289	-95.811523
11649.462891	-98.485825
11660.229492	-97.147179
11670.996094	-95.085213
11681.762695	-97.583305
11692.529297	-97.228996
11703.295898	-94.392517
11714.062500	-91.470673
11724.829102	-90.184654
11735.595703	-94.073967
11746.362305	-92.944191
11757.128906	-93.031975
11767.895508	-97.373940
11778.662109	-97.998291
11789.428711	-95.792122
11800.195312	-95.907906
11810.961914	-97.398041
11821.728516	-95.802322
11832.495117	-93.868065
11843.261719	-92.634850
11854.028320	-96.682152
11864.794922	-98.803406
11875.561523	-99.086494
11886.328125	-97.558624
11897.094727	-96.671417
11907.861328	-96.091125
11918.627930	-95.093292
11929.394531	-94.388321
11940.161133	-93.580627
11950.927734	-92.350502
11961.694336	-93.661263
11972.460938	-93.416351
11983.227539	-92.644463
11993.994141	-92.402824
12004.760742	-93.179024
12015.527344	-95.910355
12026.293945	-99.449509
12037.060547	-94.230484
12047.827148	-99.693901
12058.593750	-97.199089
12069.360352	-97.236443
12080.126953	-95.659126
12090.893555	-92.241676
12101.660156	-91.260345
12112.426758	-94.626556
12123.193359	-99.194603
12133.959961	-97.256187
12144.726562	-97.206131
12155.493164	-98.519852
12166.259766	-98.090050
12177.026367	-96.430336
12187.792969	-94.576843
12198.559570	-95.501450
12209.326172	-100.852814
12220.092773	-96.392555
12230.859375	-95.875320
12241.625977	-95.646629
12252.392578	-96.735977
12263.159180	-94.614708
12273.925781	-97.082588
12284.692383	-96.438980
12295.458984	-94.034157
12306.225586	-92.335419
12316.992188	-95.703194
12327.758789	-98.247795
12338.525391	-98.921608
12349.291992	-98.235283
12360.058594	-94.799133
12370.825195	-95.592278
12381.591797	-94.929146
12392.358398	-96.868568
12403.125000	-95.500000
12413.891602	-92.243721
12424.658203	-95.363625
12435.424805	-95.506172
12446.191406	-91.803070
12456.958008	-94.915916
12467.724609	-98.783836
12478.491211	-94.726364
12489.257812	-93.928055
12500.024414	-94.429260
12510.791016	-95.461342
12521.557617	-90.469185
12532.324219	-97.500191
12543.090820	-96.029541
12553.857422	-99.004349
12564.624023	-95.286301
12575.390625	-92.584328
12586.157227	-92.925461
12596.923828	-94.350380
12607.690430	-98.987144
12618.457031	-97.635429
12629.223633	-94.703789
12639.990234	-99.796524
12650.756836	-94.633011
12661.523438	-92.207932
12672.290039	-98.289078
12683.056641	-98.752113
12693.823242	-100.788414
12704.589844	-95.654594
12715.356445	-100.811806
12726.123047	-100.749031
12736.889648	-97.991104
12747.656250	-99.724457
12758.422852	-95.516457
12769.189453	-96.831406
12779.956055	-93.437653
12790.722656	-95.020065
12801.489258	-100.510971
12812.255859	-97.025856
12823.022461	-99.810768
12833.789062	-100.023392
12844.555664	-96.436707
12855.322266	-94.734314
12866.088867	-94.271584
12876.855469	-95.776016
12887.622070	-94.427383
12898.388672	-93.878769
12909.155273	-95.628403
12919.921875	-95.567017
12930.688477	-96.118675
12941.455078	-99.353188
12952.221680	-99.117310
12962.988281	-97.147522
12973.754883	-98.899612
12984.521484	-95.450058
12995.288086	-97.330093
13006.054688	-96.950470
13016.821289	-101.566643
13027.587891	-104.438820
13038.354492	-102.718292
13049.121094	-104.717201
13059.887695	-101.695038
13070.654297	-103.042068
13081.420898	-103.267113
13092.187500	-104.073532
13102.954102	-105.104683
13113.720703	-106.218719
13124.487305	-107.906105
13135.253906	-105.313438
13146.020508	-103.877815
13156.787109	-106.013611
13167.553711	-104.103416
13178.320312	-99.810410
13189.086914	-93.899048
13199.853516	-94.631210
13210.620117	-99.274803
13221.386719	-98.159317
13232.153320	-101.764755
13242.919922	-103.208450
13253.686523	-105.204933
13264.453125	-104.633240
13275.219727	-102.694221
13285.986328	-104.320518
13296.752930	-106.428848
13307.519531	-105.141991
13318.286133	-103.890953
13329.052734	-99.287933
13339.819336	-94.727371
13350.585938	-93.502029
13361.352539	-97.494240
13372.119141	-99.786896
13382.885742	-94.638222
13393.652344	-96.570747
13404.418945	-103.957016
13415.185547	-99.024292
13425.952148	-98.932304
13436.718750	-96.786583
13447.485352	-96.762177
13458.251953	-94.509964
13469.018555	-95.834015
13479.785156	-94.877747
13490.551758	-86.910118
13501.318359	-82.975555
13512.084961	-88.714249
13522.851562	-95.092064
13533.618164	-95.725479
13544.384766	-94.743225
13555.151367	-99.661598
13565.917969	-98.144020
13576.684570	-96.675858
13587.451172	-101.653305
13598.217773	-96.923988
13608.984375	-98.340523
13619.750977	-100.306023
13630.517578	-100.242134
13641.284180	-99.876625
13652.050781	-102.818565
13662.817383	-101.173561
13673.583984	-100.014832
13684.350586	-99.385353
13695.117188	-100.109810
13705.883789	-100.744698
13716.650391	-104.024368
13727.416992	-104.507164
13738.183594	-101.002403
13748.950195	-99.572166
13759.716797	-102.472992
13770.483398	-98.035286
13781.250000	-98.512222
13792.016602	-99.271790
13802.783203	-100.054794
13813.549805	-98.524307
13824.316406	-98.789688
13835.083008	-95.337242
13845.849609	-93.787743
13856.616211	-95.256599
13867.382812	-96.922867
13878.149414	-98.687233
13888.916016	-99.244987
13899.682617	-97.650192
13910.449219	-98.028992
13921.215820	-101.522926
13931.982422	-99.480743
13942.749023	-96.339546
13953.515625	-98.051430
13964.282227	-100.501717
13975.048828	-102.048065
13985.815430	-101.470970
13996.582031	-98.459282
14007.348633	-100.910912
14018.115234	-100.338409
14028.881836	-99.752068
14039.648438	-101.043655
14050.415039	-101.066460
14061.181641	-102.601067
14071.948242	-98.392372
14082.714844	-96.592422
14093.481445	-98.490250
14104.248047	-101.547356
14115.014648	-97.825218
14125.781250	-101.117638
14136.547852	-103.757889
14147.314453	-102.209282
14158.081055	-103.028992
14168.847656	-100.175484
14179.614258	-101.996307
14190.380859	-107.144501
14201.147461	-103.392540
14211.914062	-99.950546
14222.680664	-98.741745
14233.447266	-99.435059
14244.213867	-100.833664
14254.980469	-102.013496
14265.747070	-102.427017
14276.513672	-100.665611
14287.280273	-97.740051
14298.046875	-95.992012
14308.813477	-97.576401
14319.580078	-101.517632
14330.346680	-100.606506
14341.113281	-102.147263
14351.879883	-112.129105
14362.646484	-106.380341
14373.413086	-100.944206
14384.179688	-104.928337
14394.946289	-100.000305
14405.712891	-99.776566
14416.479492	-102.365196
14427.246094	-104.579010
14438.012695	-105.294693
14448.779297	-106.834099
14459.545898	-109.680717
14470.312500	-108.872559
14481.079102	-109.186638
14491.845703	-110.487869
14502.612305	-106.387527
14513.378906	-104.498787
14524.145508	-105.079315
14534.912109	-105.043777
14545.678711	-104.872314
14556.445312	-106.905853
14567.211914	-108.004021
14577.978516	-102.789658
14588.745117	-100.257439
14599.511719	-99.126282
14610.278320	-100.775383
14621.044922	-103.124397
14631.811523	-107.180099
14642.578125	-107.331627
14653.344727	-107.362556
14664.111328	-104.476151
14674.877930	-102.338394
14685.644531	-101.107773
14696.411133	-102.002525
14707.177734	-104.550293
14717.944336	-103.554893
14728.710938	-102.456573
14739.477539	-100.402153
14750.244141	-99.658279
14761.010742	-99.693642
14771.777344	-100.242966
14782.543945	-100.561554
14793.310547	-101.818375
14804.077148	-103.003838
14814.843750	-103.180748
14825.610352	-102.588303
14836.376953	-102.220032
14847.143555	-104.213997
14857.910156	-106.456390
14868.676758	-103.348267
14879.443359	-105.868309
14890.209961	-103.052322
14900.976562	-107.758751
14911.743164	-106.915848
14922.509766	-100.624626
14933.276367	-100.150841
14944.042969	-100.037468
14954.809570	-99.816101
14965.576172	-100.678680
14976.342773	-101.858704
14987.109375	-91.169434
14997.875977	-83.185654
15008.642578	-87.077400
15019.409180	-97.818283
15030.175781	-97.645721
15040.942383	-100.703964
15051.708984	-102.368156
15062.475586	-105.593842
15073.242188	-107.665627
15084.008789	-108.250488
15094.775391	-102.325325
15105.541992	-98.726807
15116.308594	-102.470741
15127.075195	-100.361816
15137.841797	-99.238625
15148.608398	-101.210037
15159.375000	-99.033997
15170.141602	-99.797714
15180.908203	-100.690407
15191.674805	-106.333138
15202.441406	-107.033325
15213.208008	-107.485672
15223.974609	-109.968231
15234.741211	-109.520805
15245.507812	-103.309341
15256.274414	-101.857162
15267.041016	-105.823669
15277.807617	-107.892448
15288.574219	-103.676781
15299.340820	-102.628044
15310.107422	-108.429245
15320.874023	-107.357246
15331.640625	-105.238495
15342.407227	-104.690590
15353.173828	-103.941513
15363.940430	-103.570831
15374.707031	-103.007690
15385.473633	-101.148071
15396.240234	-101.630562
15407.006836	-104.143265
15417.773438	-106.059044
15428.540039	-105.747574
15439.306641	-102.442513
15450.073242	-99.925194
15460.839844	-100.888489
15471.606445	-100.475632
15482.373047	-101.286720
15493.139648	-102.227722
15503.906250	-102.706009
15514.672852	-105.025375
15525.439453	-105.601501
15536.206055	-106.717781
15546.972656	-105.022484
15557.739258	-105.734268
15568.505859	-105.163994
15579.272461	-103.787498
15590.039062	-103.369553
15600.805664	-105.407806
15611.572266	-102.094566
15622.338867	-99.713081
15633.105469	-100.816399
15643.872070	-102.008179
15654.638672	-105.873665
15665.405273	-104.112396
15676.171875	-103.735077
15686.938477	-106.879448
15697.705078	-108.297211
15708.471680	-107.174980
15719.238281	-115.851379
15730.004883	-109.479897
15740.771484	-107.688370
15751.538086	-111.584618
15762.304688	-107.631081
15773.071289	-108.011581
15783.837891	-109.721512
15794.604492	-109.728912
15805.371094	-110.338264
15816.137695	-109.703789
15826.904297	-110.320625
15837.670898	-113.254929
15848.437500	-115.928642
15859.204102	-119.559853
15869.970703	-117.799698
15880.737305	-119.832100
15891.503906	-120.533798
15902.270508	-119.959518
15913.037109	-122.581963
15923.803711	-116.825432
15934.570312	-116.743736
15945.336914	-120.593903
15956.103516	-118.084290
15966.870117	-122.002060
15977.636719	-120.128227
15988.403320	-118.878464
15999.169922	-122.097771
16009.936523	-120.603569
16020.703125	-120.966927
16031.469727	-125.622643
16042.236328	-123.740135
16053.002930	-122.354294
16063.769531	-121.930832
16074.536133	-122.468407
16085.302734	-122.864067
16096.069336	-124.659752
16106.835938	-125.765190
16117.602539	-124.282127
16128.369141	-123.051773
16139.135742	-120.668861
16149.902344	-121.093941
16160.668945	-120.798820
16171.435547	-120.151299
16182.202148	-121.890175
16192.968750	-127.233467
16203.735352	-122.535851
16214.501953	-120.670944
16225.268555	-123.532303
16236.035156	-122.294449
16246.801758	-123.103386
16257.568359	-129.263992
16268.334961	-122.632515
16279.101562	-121.977760
16289.868164	-120.693069
16300.634766	-124.566986
16311.401367	-124.429344
16322.167969	-120.269142
16332.934570	-122.777344
16343.701172	-125.933296
16354.467773	-122.789314
16365.234375	-120.168930
16376.000977	-120.121132
16386.767578	-119.363373
16397.534180	-122.489876
16408.300781	-126.209183
16419.067383	-122.542343
16429.833984	-122.308243
16440.600586	-125.253792
16451.367188	-125.618965
16462.133789	-126.439209
16472.900391	-124.270370
16483.666992	-121.779625
16494.433594	-120.605377
16505.200195	-122.773003
16515.966797	-122.723152
16526.733398	-126.425613
16537.500000	-122.256920
16548.266602	-121.383049
16559.033203	-122.671349
16569.799805	-121.585899
16580.566406	-122.541489
16591.333008	-125.061646
16602.099609	-125.746658
16612.866211	-127.969627
16623.632812	-124.233635
16634.399414	-120.528648
16645.166016	-122.093124
16655.932617	-123.649529
16666.699219	-126.693588
16677.465820	-125.988419
16688.232422	-122.124107
16698.999023	-125.039261
16709.765625	-125.636459
16720.532227	-124.303436
16731.298828	-123.695595
16742.065430	-121.163399
16752.832031	-123.070267
16763.598633	-122.834900
16774.365234	-121.606361
16785.131836	-125.593941
16795.898438	-129.247070
16806.665039	-129.200958
16817.431641	-126.158180
16828.198242	-127.100380
16838.964844	-127.371346
16849.731445	-126.114937
16860.498047	-124.225006
16871.264648	-120.954323
16882.031250	-119.941261
16892.797852	-122.330940
16903.564453	-124.193085
16914.331055	-125.545753
16925.097656	-124.615883
16935.864258	-123.481354
16946.630859	-125.148460
16957.397461	-123.651390
16968.164062	-122.744492
16978.930664	-121.738846
16989.697266	-119.967850
17000.463867	-122.535210
17011.230469	-125.878937
17021.997070	-127.504761
17032.763672	-126.279861
17043.530273	-121.977219
17054.296875	-118.791039
17065.063477	-119.561493
17075.830078	-122.204704
17086.596680	-120.707451
17097.363281	-120.514748
17108.129883	-123.570244
17118.896484	-122.369492
17129.663086	-123.685387
17140.429688	-123.981705
17151.196289	-125.845573
17161.962891	-124.291084
17172.729492	-129.944473
17183.496094	-122.877693
17194.262695	-124.172409
17205.029297	-123.705322
17215.795898	-126.065277
17226.562500	-125.875328
17237.329102	-124.361862
17248.095703	-121.642044
17258.862305	-121.693733
17269.628906	-121.004997
17280.395508	-122.023804
17291.162109	-125.143265
17301.928711	-122.383034
17312.695312	-120.430344
17323.461914	-124.630707
17334.228516	-124.370529
17344.995117	-122.500671
17355.761719	-125.852570
17366.528320	-125.303970
17377.294922	-123.985764
17388.061523	-123.716347
17398.828125	-122.832352
17409.594727	-125.252251
17420.361328	-125.753723
17431.127930	-123.403229
17441.894531	-122.161743
17452.661133	-122.265434
17463.427734	-122.062271
17474.194336	-121.059525
17484.960938	-122.690399
17495.727539	-128.924545
17506.494141	-126.602226
17517.260742	-122.963425
17528.027344	-124.807533
17538.793945	-125.348709
17549.560547	-126.193161
17560.327148	-124.860428
17571.093750	-125.620476
17581.860352	-123.604736
17592.626953	-123.444397
17603.393555	-123.762383
17614.160156	-122.637703
17624.926758	-120.913269
17635.693359	-121.850624
17646.459961	-123.580750
17657.226562	-120.867928
17667.993164	-120.705811
17678.759766	-121.518173
17689.526367	-124.500832
17700.292969	-126.868546
17711.059570	-123.960350
17721.826172	-122.266396
17732.592773	-121.844604
17743.359375	-125.387543
17754.125977	-124.765465
17764.892578	-124.964081
17775.659180	-127.545135
17786.425781	-120.647217
17797.192383	-120.711586
17807.958984	-121.756134
17818.725586	-123.968422
17829.492188	-122.702309
17840.258789	-122.629684
17851.025391	-124.302696
17861.791992	-124.711891
17872.558594	-122.130844
17883.325195	-123.262993
17894.091797	-129.305954
17904.858398	-125.248650
17915.625000	-126.542000
17926.391602	-122.987900
17937.158203	-121.504608
17947.924805	-125.530258
17958.691406	-126.482796
17969.458008	-124.687523
17980.224609	-124.237091
17990.991211	-121.283806
18001.757812	-122.896156
18012.524414	-124.007370
18023.291016	-123.207436
18034.057617	-126.295326
18044.824219	-123.406883
18055.590820	-123.100891
18066.357422	-123.839752
18077.124023	-123.539658
18087.890625	-125.655556
18098.657227	-122.595779
18109.423828	-124.978783
18120.190430	-125.352203
18130.957031	-127.584389
18141.723633	-123.903656
18152.490234	-121.460320
18163.256836	-123.581612
18174.023438	-124.632034
18184.790039	-120.182907
18195.556641	-122.685135
18206.323242	-127.824898
18217.089844	-121.208488
18227.856445	-122.040718
18238.623047	-124.956367
18249.389648	-125.133316
18260.156250	-123.929253
18270.922852	-123.411156
18281.689453	-124.451775
18292.456055	-122.213806
18303.222656	-123.687851
18313.989258	-121.183044
18324.755859	-121.119896
18335.522461	-121.349274
18346.289062	-121.191605
18357.055664	-122.968338
18367.822266	-124.523445
18378.588867	-122.107666
18389.355469	-122.375015
18400.122070	-124.779884
18410.888672	-123.310097
18421.655273	-127.635521
18432.421875	-125.904335
18443.188477	-123.947052
18453.955078	-122.031555
18464.721680	-122.912323
18475.488281	-125.960312
18486.254883	-124.559341
18497.021484	-124.681847
18507.788086	-120.959358
18518.554688	-123.485390
18529.321289	-121.934410
18540.087891	-121.503609
18550.854492	-125.047897
18561.621094	-125.795624
18572.387695	-128.004730
18583.154297	-123.206978
18593.920898	-127.278160
18604.687500	-123.896454
18615.454102	-121.328102
18626.220703	-122.154144
18636.987305	-124.020103
18647.753906	-119.793747
18658.520508	-119.778854
18669.287109	-121.583794
18680.053711	-123.777809
18690.820312	-123.436394
18701.586914	-123.719734
18712.353516	-123.078209
18723.120117	-122.873848
18733.886719	-127.381325
18744.653320	-126.486084
18755.419922	-125.033470
18766.186523	-126.145187
18776.953125	-130.156784
18787.719727	-121.226082
18798.486328	-124.281822
18809.252930	-123.193573
18820.019531	-120.584686
18830.786133	-120.793144
18841.552734	-123.959229
18852.319336	-127.373734
18863.085938	-126.082115
18873.852539	-124.748116
18884.619141	-124.733749
18895.385742	-123.182190
18906.152344	-127.220039
18916.918945	-124.781197
18927.685547	-127.258621
18938.452148	-126.251007
18949.218750	-122.787460
18959.985352	-121.765762
18970.751953	-122.338600
18981.518555	-123.653236
18992.285156	-123.065887
19003.051758	-127.133087
19013.818359	-123.378944
19024.584961	-122.500160
19035.351562	-123.581924
19046.118164	-125.723099
19056.884766	-124.934769
19067.651367	-124.017731
19078.417969	-125.960869
19089.184570	-127.795776
19099.951172	-120.333832
19110.717773	-121.075127
19121.484375	-123.720177
19132.250977	-124.627716
19143.017578	-124.614525
19153.784180	-122.517647
19164.550781	-121.878525
19175.317383	-121.494659
19186.083984	-120.134224
19196.850586	-122.977402
19207.617188	-123.586563
19218.383789	-121.986801
19229.150391	-122.152771
19239.916992	-122.671112
19250.683594	-123.925087
19261.450195	-122.677742
19272.216797	-123.741661
19282.983398	-122.329887
19293.750000	-122.762749
19304.516602	-121.232590
19315.283203	-122.504028
19326.049805	-123.874275
19336.816406	-123.752159
19347.583008	-127.237701
19358.349609	-124.834679
19369.116211	-121.637924
19379.882812	-122.674988
19390.649414	-124.546188
19401.416016	-125.921349
19412.182617	-124.889999
19422.949219	-127.113770
19433.715820	-125.000999
19444.482422	-126.750687
19455.249023	-123.921501
19466.015625	-123.983231
19476.782227	-129.423721
19487.548828	-126.377090
19498.315430	-122.389626
19509.082031	-121.613930
19519.848633	-120.003227
19530.615234	-122.117203
19541.381836	-127.480652
19552.148438	-124.461838
19562.915039	-123.010521
19573.681641	-124.673317
19584.448242	-121.468391
19595.214844	-122.213081
19605.981445	-122.787056
19616.748047	-121.883972
19627.514648	-121.006645
19638.281250	-126.231041
19649.047852	-124.870979
19659.814453	-124.039207
19670.581055	-122.599754
19681.347656	-122.688904
19692.114258	-125.735527
19702.880859	-126.600388
19713.647461	-124.271683
19724.414062	-120.122093
19735.180664	-123.523712
19745.947266	-126.110001
19756.713867	-129.721451
19767.480469	-125.090614
19778.247070	-127.148392
19789.013672	-124.827347
19799.780273	-122.706291
19810.546875	-124.980667
19821.313477	-123.377792
19832.080078	-124.321838
19842.846680	-132.428970
19853.613281	-126.203972
19864.379883	-122.473122
19875.146484	-124.319008
19885.913086	-125.662895
19896.679688	-123.558372
19907.446289	-121.339340
19918.212891	-122.218147
19928.979492	-122.463676
19939.746094	-127.121811
19950.512695	-128.554047
19961.279297	-129.361298
19972.045898	-133.308334
19982.812500	-129.849823
19993.579102	-125.629044
20004.345703	-126.589279
20015.112305	-125.644676
20025.878906	-129.139923
20036.645508	-129.659668
20047.412109	-124.028725
20058.178711	-122.079155
20068.945312	-122.938965
20079.711914	-130.544815
20090.478516	-127.874840
20101.245117	-127.548767
20112.011719	-122.250259
20122.778320	-120.104568
20133.544922	-121.005325
20144.311523	-122.353531
20155.078125	-122.957489
20165.844727	-121.786812
20176.611328	-121.200790
20187.377930	-122.129341
20198.144531	-123.751305
20208.911133	-124.646126
20219.677734	-126.771042
20230.444336	-128.619858
20241.210938	-125.196747
20251.977539	-126.430229
20262.744141	-123.007141
20273.510742	-122.925674
20284.277344	-125.951859
20295.043945	-124.600349
20305.810547	-123.981010
20316.577148	-128.016891
20327.343750	-127.033653
20338.110352	-124.717346
20348.876953	-123.982079
20359.643555	-123.938065
20370.410156	-122.494308
20381.176758	-121.693604
20391.943359	-123.711105
20402.709961	-120.160294
20413.476562	-128.795654
20424.243164	-124.354927
20435.009766	-122.478302
20445.776367	-124.068481
20456.542969	-127.107605
20467.309570	-128.485245
20478.076172	-122.441391
20488.842773	-122.419495
20499.609375	-124.985222
20510.375977	-127.892517
20521.142578	-131.817932
20531.909180	-130.411835
20542.675781	-125.746170
20553.442383	-120.610626
20564.208984	-123.150368
20574.975586	-127.495003
20585.742188	-124.564499
20596.508789	-123.538483
20607.275391	-126.794884
20618.041992	-128.508438
20628.808594	-125.192833
20639.575195	-122.802742
20650.341797	-126.614655
20661.108398	-129.629501
20671.875000	-124.833855
20682.641602	-123.031433
20693.408203	-125.408432
20704.174805	-123.446396
20714.941406	-121.842346
20725.708008	-122.916435
20736.474609	-124.221863
20747.241211	-122.486008
20758.007812	-122.442154
20768.774414	-127.068527
20779.541016	-130.391373
20790.307617	-124.185844
20801.074219	-122.756027
20811.840820	-125.139503
20822.607422	-124.175972
20833.374023	-122.146576
20844.140625	-121.437424
20854.907227	-120.138046
20865.673828	-124.630745
20876.440430	-124.268661
20887.207031	-124.760757
20897.973633	-126.226906
20908.740234	-123.722801
20919.506836	-122.414604
20930.273438	-125.978432
20941.040039	-128.287811
20951.806641	-124.143776
20962.573242	-123.531555
20973.339844	-122.706512
20984.106445	-123.340111
20994.873047	-123.483727
21005.639648	-123.453400
21016.406250	-124.385567
21027.172852	-125.094223
21037.939453	-123.354439
21048.706055	-122.839272
21059.472656	-121.145271
21070.239258	-120.680275
21081.005859	-123.352295
21091.772461	-127.576286
21102.539062	-123.926277
21113.305664	-122.477272
21124.072266	-127.531975
21134.838867	-128.907288
21145.605469	-126.347282
21156.372070	-123.841415
21167.138672	-123.854729
21177.905273	-125.083351
21188.671875	-123.541573
21199.438477	-126.609596
21210.205078	-124.627052
21220.971680	-120.892143
21231.738281	-124.524994
21242.504883	-125.624123
21253.271484	-123.322929
21264.038086	-123.549225
21274.804688	-125.118935
21285.571289	-125.418312
21296.337891	-127.791000
21307.104492	-129.882690
21317.871094	-126.485420
21328.637695	-122.249336
21339.404297	-119.501678
21350.170898	-121.457489
21360.937500	-121.501167
21371.704102	-121.786705
21382.470703	-123.574730
21393.237305	-125.630623
21404.003906	-126.508698
21414.770508	-127.558388
21425.537109	-126.460205
21436.303711	-126.628258
21447.070312	-127.407616
21457.836914	-126.882507
21468.603516	-124.692184
21479.370117	-126.405151
21490.136719	-125.180412
21500.903320	-126.433479
21511.669922	-129.806656
21522.436523	-125.685150
21533.203125	-123.167152
21543.969727	-121.317886
21554.736328	-123.007774
21565.502930	-125.340324
21576.269531	-127.165726
21587.036133	-127.237122
21597.802734	-125.131912
21608.569336	-126.728302
21619.335938	-125.297630
21630.102539	-127.822021
21640.869141	-126.650116
21651.635742	-124.578514
21662.402344	-124.258064
21673.168945	-124.814972
21683.935547	-124.647896
21694.702148	-124.592651
21705.468750	-123.107704
21716.235352	-121.501488
21727.001953	-123.952026
21737.768555	-120.985344
21748.535156	-121.224922
21759.301758	-128.696533
21770.068359	-124.759880
21780.834961	-124.968979
21791.601562	-124.108955
21802.368164	-124.963791
21813.134766	-122.483559
21823.901367	-123.225685
21834.667969	-127.471817
21845.434570	-126.551933
21856.201172	-124.361176
21866.967773	-124.777328
21877.734375	-123.809776
21888.500977	-126.098213
21899.267578	-123.339500
21910.034180	-121.385635
21920.800781	-123.722679
21931.567383	-125.515701
21942.333984	-122.303947
21953.100586	-121.822189
21963.867188	-122.894997
21974.633789	-124.801476
21985.400391	-126.011169
21996.166992	-124.328995
22006.933594	-122.725746
22017.700195	-123.581818
22028.466797	-126.670479
22039.233398	-126.519440
